energy,time_ms,violated,priority
0.00041650957623186037,31.841212992544165,0,2
0.00245036724462962,73.49148004636095,0,3
0.001615538305001073,28.02659717536452,0,2
0.001116467382155932,15.847837440104495,0,2
0.004339703956519944,134.18311380059143,0,3
0.0011708915508030977,31.2589868023026,0,2
0.000659322777318326,44.293681259655465,0,2
0.0026981883824341336,90.60173095309925,0,3
0.003694590002789341,155.8892477331034,0,3
0.0015927612850119108,38.35203479617563,0,2
0.0019060220346440668,108.0786155364504,0,3
0.0007822007244072856,14.158005121069733,0,2
0.0004769036913538245,5.932656999772871,0,2
0.000919253256610174,30.537696198910098,0,2
0.0002110836759134063,11.969238046781548,0,2
0.000683888328796668,26.594211262309997,0,2
0.000686013520869659,10.859677119968572,0,2
0.0017569966042343512,18.48018787231488,0,2
0.004134611877768633,125.32967812236653,0,3
0.0003530317249931983,23.71687319069423,0,2
0.0017446955139783014,18.350804321761483,0,2
0.0005454680374561469,11.16710032217337,0,2
0.0045593807607310875,79.09681098526005,0,3
0.0015794455114402956,27.400454060756772,0,2
0.00384185081697714,41.68191498359607,0,3
0.001487985972372487,87.42314730189739,0,3
0.0017387989101132944,18.28878351479388,0,2
0.004170486688573647,45.24742887599225,0,3
0.0023996669951557798,41.629777529913646,0,3
0.0006536676497156057,23.12116858698643,0,2
0.0010877973550028884,13.691061568497123,0,2
0.0009728482794554167,37.83093171883094,0,2
0.0029181590389585187,77.90533190136934,0,3
0.0038002489325075243,60.10426122190382,0,3
0.0026788280224358885,102.58071834870992,0,3
0.0007039916423203237,41.36138793549576,0,2
0.0034723192422372647,105.2540518513086,0,3
0.0012391543252280417,24.531676282415024,0,2
0.0010543118478799523,18.29035768837805,0,2
4.643497832154645e-05,2.339182974796149,0,1
0.0008476125228947791,32.96091708730613,0,2
0.0007789386384729433,8.35833436467093,0,2
0.0013988435520584353,42.402193314852674,0,2
0.0017598522603473907,67.390257060952,0,3
0.0006587654768419596,38.704230005296374,0,2
0.0006946950184216544,29.01791238085785,0,2
0.0009430143522880117,16.359552293095174,0,2
0.0005272010509087301,40.30332532506587,0,2
0.004919801852436463,85.34944932844371,0,3
0.007410230614104484,105.18545552064484,0,3
0.0031396686538946827,158.16222440839923,0,3
0.002743846818377786,29.769190752081713,0,2
0.0015146254217890357,53.57448810348195,0,3
0.0009406217006494636,53.336786932119516,0,2
0.0003125123248695785,9.372878019705174,0,2
0.0004900874767960054,32.92435698163416,0,2
0.0033041680925074545,52.30538107943638,0,3
0.00037872700196442817,23.495172002945882,0,2
0.0011517322158279798,11.676101779698111,0,2
0.0025978644755925437,27.87616231706192,0,2
0.00038697248740609744,21.942794956910177,0,2
0.007513885948980411,80.62710981021966,0,3
0.0011048841264779353,33.49160115331643,0,2
0.0006924296938832212,40.68209260604979,0,2
0.00030983270278030504,18.203498229838843,0,2
0.00031354627836064817,11.090584588288593,0,2
0.006358872916631075,116.59628869291436,0,3
0.002256934258182523,39.15362892328308,0,3
5.0220673233670984e-05,1.5528170536913488,0,1
0.001866796959953401,36.95718747392141,0,2
0.0005665068483858896,12.29632876482118,0,2
0.003827482538011942,70.18071674336315,0,3
0.0028383697028914064,166.76179563539696,0,3
0.004769351888523052,86.32631798322588,0,3
0.00044369529326331524,33.91949943720377,0,2
0.001959605172878019,36.18667967973735,0,2
0.007450583347715559,93.77334378104116,0,3
0.002502765768847495,27.42110660458514,0,2
0.0007388456268200037,8.095030285911418,0,2
0.0006555934091602276,8.155547751828474,0,2
0.0014079586972969513,42.2275349685959,0,2
0.00036861631226787594,7.546501457137888,0,2
0.0005803655902384052,11.881540850595991,0,2
0.00040573048151576127,7.439473783254956,0,2
0.007727057890644273,84.66013112234974,0,3
0.0003245220721194232,4.037037619219621,0,1
0.002244155527621529,27.917177494952675,0,2
0.001950425447165,60.306915485171025,0,3
0.007958490045741376,100.16587805384705,0,3
0.0008538936779412367,25.883498372005477,0,2
0.0003641556896394718,12.097292818219106,0,2
0.0010493718529862345,10.63838659007147,0,2
0.0011909773294776999,21.99295844087939,0,2
0.0008143722955160695,46.1779709944718,0,2
0.0004670407818070552,9.141434208617447,0,2
0.00022253873171228602,6.745665237703652,0,1
0.003980389584133347,132.22898803949147,0,3
0.001245108044552787,38.49858794751422,0,2
0.0038907950634332143,130.64794505297226,0,3
0.0005050396649218795,21.095871363605692,0,2
0.0001335684152177567,5.635775486178112,0,1
0.00017047105657036138,2.696148883099162,0,1
0.004718714757272918,143.03519149164728,0,3
0.005091303716683272,64.07935478832252,0,3
0.0026287165630650435,100.66179355894712,0,3
0.002364462234528499,24.86954511225219,0,2
0.005341242156182284,104.54464720214881,0,3
0.0012153638895047352,24.881550430234586,0,2
0.0056126329027598445,59.0339846140666,0,3
0.002367071367867378,37.4710264345447,0,3
0.0012076253144801615,12.242738277033926,0,2
0.0008032246192222187,14.538542240464764,0,2
0.002263664209330812,59.9983355403145,0,3
0.0002227450597549133,4.03173456415898,0,1
0.0009610013495141203,32.26920191380265,0,2
0.00010444321162054326,7.01655468975484,0,1
0.0014613081959454672,28.602326075386735,0,2
0.0014239746136608502,25.774253645393106,0,2
0.0011299171375380081,12.379735518376183,0,2
0.00017468930915822092,2.765352920979945,0,1
0.001548965680834258,59.314749176392674,0,3
0.0022641286342776723,23.81423073197824,0,2
0.0008745564797388382,15.171935006969075,0,2
0.00015285096674636032,7.5969788646144885,0,1
0.00037327441058611604,23.156908368109367,0,2
9.805829440303932e-05,4.873680591868245,0,1
0.0015124031442146349,45.360035618621666,0,3
0.0009447010732732983,18.49072510268672,0,2
0.000871168944532269,20.97684190873545,0,2
0.0005794869848889612,20.49729136421459,0,2
0.00258699607069172,109.15551415560444,0,3
0.0008508553577052451,30.09598253363577,0,2
0.0013146772550717647,24.277239808286456,0,2
0.0013227929060965862,24.427105948717404,0,2
0.000305175804260167,8.147198970910368,0,2
0.000480675718055492,8.700336199458702,0,2
0.0017124655810093628,30.996003594803614,0,2
0.0005919785857411809,11.719466038947157,0,2
0.0010163424018143471,10.689945833056187,0,2
0.0012201153304923975,36.98452627802712,0,2
0.0010093422660265314,35.70189331677001,0,2
0.0051125126946922,80.93169514460119,0,3
7.322305331067421e-05,3.3533955223635195,0,1
0.0018999132236222581,23.634821221631203,0,2
0.0008521405201079883,9.336325570222233,0,2
0.0027779391379926855,172.33563364194362,0,3
0.001658726380476914,39.940405671594,0,2
0.0010988257388754327,36.50311418320136,0,2
0.001434298008964912,43.017504309772505,0,2
0.0004461458135046922,18.635832677740357,0,2
0.00033913047470130126,17.083850608534117,0,2
0.0002713416185126141,10.551600346329442,0,2
0.000564714793714607,43.171165929442544,0,2
0.0003795543208912001,17.38244586400951,0,2
0.0001373204848350359,4.245932540188316,0,1
0.002303499516228798,81.47810386201557,0,3
0.0009034323909570994,14.301444165528883,0,2
0.001325528273008829,50.75863075119253,0,3
0.002150346093449183,26.750193035873714,0,2
0.0009985837958930096,29.949551958520082,0,2
0.001187779548424902,18.802694106151986,0,2
0.002899472166710076,112.75112047364883,0,3
0.0005093820319303757,21.277255168061863,0,2
0.00032415402277148744,13.540147519780199,0,2
0.0012388673175863065,38.30562543552452,0,2
0.0013628434788792447,14.931751418719607,0,2
0.0010600234283121522,71.21298016184987,0,3
0.003818796509544617,159.513886778776,0,3
0.0003331909064788425,25.471689549980027,0,2
0.00629871623170117,78.35570078207002,0,3
0.000986617613922224,19.532178863044017,0,2
0.0038869523698848944,130.51891229556114,0,3
0.005100360686271781,104.41718955429172,0,3
0.0006032283454099489,6.609163738886684,0,2
0.0017359749347278031,31.83083500911067,0,2
0.0016472202637275177,35.75378120949386,0,2
0.0011901217098365183,13.039356173105338,0,2
0.0008470059394650065,35.73850376604264,0,2
0.002165689722972373,165.56207031009538,0,3
0.0019682290813723404,31.157304734664315,0,2
0.003435039530209106,131.53842636178348,0,3
6.262113375313579e-05,3.8848413261212253,0,1
0.0019745511113729033,35.73980932811715,0,2
0.0008008292701099104,31.141667283338844,0,2
0.001034159686718399,31.97609060923074,0,2
0.0051762048796600135,95.5854120663775,0,3
0.0006330397437620505,26.442527052840152,0,2
0.0008592451724578659,50.482947201752246,0,2
0.00221433025980016,27.869650335590055,0,2
0.0010969466659666363,21.71637540272938,0,2
0.0018377380076649548,23.12984499731692,0,2
0.001039196578909921,47.59207649790819,0,2
0.0009862236194984287,49.017158036990764,0,2
0.0018936497632700395,34.72196053864183,0,2
0.0025377110814269774,149.09729916843,0,3
0.00082878595481522,25.625960020665154,0,2
0.00019042476037472273,8.72088106020912,0,2
0.000993554986967753,20.34056526356331,0,2
0.0016268070616866298,16.492344806496,0,2
0.0023920969018306378,73.96334266491746,0,3
0.0013135886272393725,22.788329559139424,0,2
0.00015641136536946257,2.220200904905462,0,1
0.002207471899572587,111.20239249525162,0,3
0.006650019900781602,121.93475956049558,0,3
0.0005750841280139578,19.104359178302857,0,2
0.0032520318653307075,51.433728739138324,0,3
0.002182071991780533,22.12154380724854,0,2
0.0006344933110992041,19.232964254379695,0,2
0.00028401630726937027,21.712402905439184,0,2
0.0015516955506310439,77.12217039504645,0,3
0.0012725409033978103,94.10836255891778,0,3
0.0006143600347428266,12.577492484990238,0,2
0.0006731224479614657,7.302998993478833,0,2
0.002162147883643018,134.13365341922332,0,3
0.00103547751020064,43.25264305424073,0,2
0.001086511510008725,11.788037210803479,0,2
0.0038977403326822813,70.54995715138433,0,3
0.0002624170066130617,12.017909322008531,0,2
0.0007677164439247448,51.575629774702804,0,2
0.0012152459185102045,15.117595723422491,0,2
0.0019970399369282133,48.08664416391217,0,3
0.001492612791997646,39.84789499420395,0,2
0.00029353773240340644,12.38550860883092,0,2
0.0010959893827230257,38.76672694221797,0,2
0.0002573847884893348,5.095475343699616,0,1
0.0005287251857527632,29.980705908304124,0,2
0.0024415465647846866,186.65070057656212,0,3
0.0002722535069354394,18.290146302953406,0,2
0.00040871814930389306,31.245576064880474,0,2
0.0016047333699134557,29.633506398208727,0,2
0.0019186633464755559,21.02149262903003,0,2
0.000965937191843836,48.008884648794215,0,2
0.002512582060067,31.256389531908553,0,2
0.0008678131479566282,26.02747518226162,0,2
0.001467602698946378,108.5337897714052,0,3
0.0009133504554129307,51.790404794061025,0,2
0.0008384636385367716,11.901678146037803,0,2
0.0005412558134051165,11.080865519531777,0,2
0.000624117872885415,38.71854052522198,0,2
0.0006094670479463939,10.573124383108212,0,2
0.0003833145928573269,8.320044616506824,0,2
0.0007589483133971217,26.845097673869063,0,2
0.000663409511569556,49.06119926921145,0,2
0.0024294145822014077,120.74644751836226,0,3
0.002153585268186889,30.56933842323655,0,2
0.007387864466264097,104.86797640678901,0,3
0.00022941779750441048,11.557025015095881,0,2
0.003489513951261912,49.532347051453606,0,3
0.0011252070036792136,22.02378506521616,0,2
0.0005221238811635225,25.950533217705136,0,2
0.0031559182540284426,120.8499981471998,0,3
0.00014838355951656663,3.9329007172724797,0,1
0.001243006861401249,41.73858799582221,0,2
0.004583677318729196,84.04630363533963,0,3
0.009124814031339166,95.97530080177137,0,3
0.0019679886018865557,122.08855048973909,0,3
0.0044457337042990396,55.30469496904715,0,3
0.0027215765981740765,168.8390581120967,0,3
0.0030234300411536106,47.81819091512586,0,3
0.0003203506207491691,6.558381563216874,0,2
0.0001457458479651104,6.087909275258987,0,1
0.004668069969414857,91.36858314925027,0,3
0.00033009897792209494,20.478424363850113,0,2
0.0027178621387888417,29.163786967368267,0,2
0.0033843466213035324,142.79886224581432,0,3
0.00047422829045275596,23.889464005177242,0,2
0.001866521339996073,138.03506552857397,0,3
0.0008052907911031079,17.479259689269785,0,2
0.0006896568254026724,7.482387665148633,0,2
0.005537333621354586,60.07694734558023,0,3
0.0006519101777148208,27.506648130588708,0,2
0.0017315322163756288,37.583816435933024,0,2
0.0007810516445874343,26.226719907357644,0,2
0.0005429496080196263,7.706966870315367,0,2
0.0010202862492270893,31.547125624440717,0,2
0.00013141063220590733,4.365475928155983,0,1
0.0017853372767007243,22.209502429109364,0,2
0.00036790353730722816,3.9915459227201424,0,1
0.0037619289480142386,46.79819953317685,0,3
0.001475272719900421,73.32381280403452,0,3
0.0015949886473063382,19.8415754261373,0,2
0.0018443373139441946,31.99583618252457,0,2
0.0009437257138435579,25.19439961266764,0,2
0.0004414643266719401,6.9884337579295,0,2
0.0005655309621348214,11.195879486779035,0,2
0.0010713763929664664,13.484386675217932,0,2
0.003001650939109024,151.20951978105415,0,3
0.0011222710755591587,47.35301984508548,0,2
0.0003342328704834682,5.290946819429184,0,1
0.00558332428021293,103.10340576384164,0,3
0.001319293640426468,44.30020091859601,0,2
0.004801546008867563,144.00809653155164,0,3
0.008690624981543521,95.21728203479228,0,3
0.008902096422194108,96.58272637916367,0,3
0.0010471400733985472,47.9558646444781,0,2
0.004292426457797045,132.72129934160944,0,3
0.002718120986050266,104.08536903918142,0,3
0.00023146580805570366,14.359496272675077,0,2
0.00034748677150440863,3.8071768136309845,0,1
0.00580638369691183,61.071866228470284,0,3
0.0007232932674408431,10.26687774952262,0,2
0.0003180057718968639,11.24832331363056,0,2
0.0015296194664210442,36.83164549083626,0,2
0.0012708284354997215,26.017048950621508,0,2
0.0029455660704512357,30.981627534776123,0,3
4.845808800025553e-05,3.583626508400246,0,1
0.0008124747308390035,15.003411523746767,0,2
0.0008229733770059953,31.514229165922163,0,2
0.00502408808155694,62.49939320014703,0,3
0.001006222201275302,26.862852061982206,0,2
0.000465438864222885,31.2684490919551,0,2
0.0002671064604673479,8.09661649132684,0,2
0.002720898496019272,53.86593077449898,0,3
0.0006934975660883422,18.514123917723907,0,2
0.0032234263342228488,65.99163064306227,0,3
0.0021906596955081625,22.20860475891742,0,2
0.006199600456324915,114.48375364609637,0,3
0.0014900655118158762,30.505382377049457,0,2
0.0011107059108586522,13.979389580349832,0,2
0.0015167146125351061,26.31218915944074,0,2
0.0016694523343376273,20.767899801696213,0,2
0.0007665382489625421,32.34325619330011,0,2
0.008669286157476785,93.02503281806472,0,3
0.0037450039216019976,145.6311232047278,0,3
0.0015469239168934385,41.297824951569645,0,2
0.0027592309633413877,43.67896032620684,0,3
0.0013936530209112973,30.249970989827062,0,2
0.00048332448258079557,32.47001516236957,0,2
0.0007984242861629008,12.639153148874877,0,2
0.0009932789243405418,29.79044810880076,0,2
0.00019004402698404962,10.77621084860308,0,2
0.000987778674311757,23.78468289291791,0,2
0.0016559186381214929,17.965783467938067,0,2
0.0024178606663799434,162.43326238854422,0,3
0.004111090250605029,81.38771187928933,0,3
0.0005323826695489368,33.02754313148925,0,2
0.005194230662125455,82.15130169307473,0,3
0.002570346353376537,44.59074825044369,0,3
0.001834590697081979,19.685918390936948,0,2
0.0012920247741529428,20.434502031323447,0,2
0.0017346012292541056,21.57834865009264,0,2
0.0005609060909176031,10.357866637307762,0,2
0.0003128596285768895,8.29233280050998,0,2
0.0011162947169416663,29.801429347087023,0,2
0.00574008127743165,113.63702879122063,0,3
0.0008747617772816303,12.416916666572149,0,2
0.0003447358599949631,11.452163901183262,0,2
0.002467401432459007,165.76143938705516,0,3
0.0013035318571110676,13.215025530709799,0,2
5.6460866981166524e-05,1.4964931760062277,0,1
0.0013870991993245334,30.107716849164074,0,2
0.007092888148210956,112.18023072939128,0,3
0.006195722036822116,77.97960849721018,0,3
0.00044752496887773843,13.837417120886442,0,2
0.0032291483102262772,147.88527649367998,0,3
0.0029249661792085813,36.38642642484034,0,3
0.0009708265786689576,19.002082136257215,0,2
0.0025837170732361556,32.14130537856284,0,2
0.002697770800258977,49.466323227129166,0,3
0.001147340720041086,18.162542555200993,0,2
0.008628604640357185,90.75614286643204,0,3
0.0004671179083121198,19.709537262446037,0,2
0.0002114021079622989,14.202114517849333,0,2
0.006235937190161072,123.45354355951717,0,3
0.0003230159368743808,10.730625621116772,0,2
0.004314544555350327,78.09420523871418,0,3
0.0006985208460608438,14.30047560892692,0,2
0.0004773670271460038,8.815208257299396,0,2
0.0011402787274436138,37.880187108784504,0,2
0.0010907546138904404,54.212543921667596,0,3
0.0009729782625049421,19.26215910290697,0,2
0.0006386186050879025,42.90276312810026,0,2
0.005349171189693144,56.26287968255978,0,3
0.0005148164007658602,8.142271725482637,0,2
0.0004933603740814471,36.485536010896936,0,2
0.0004975608325154793,25.0648513343991,0,2
0.0009319293426608615,22.439889086731014,0,2
0.001675644478763818,17.624521698069355,0,2
0.0010426311629495352,18.87185332845611,0,2
0.0003524190428692764,26.941636992236848,0,2
0.002517314226921198,27.58050418974352,0,2
0.0004056012284323177,27.24852249724701,0,2
0.0016914025386300059,26.751010741322762,0,2
0.006319895447882644,116.70515844070762,0,3
0.0009166549457758417,67.78948774704388,0,3
0.005778303486576031,118.29638089793,0,3
0.0008039192757388421,30.78458792762561,0,2
0.0007702589875424348,38.80214387882967,0,2
0.000494465727161213,28.038065799059765,0,2
0.0005664114771381084,11.213311140434014,0,2
0.0011757554720194581,35.63987605490445,0,2
0.001755659981561631,34.75699632629262,0,2
0.0026392518057660416,101.06522101124908,0,3
0.0020526571648089636,127.34115312642952,0,3
0.001307599029772967,46.25166569695529,0,3
0.0004813455144708111,27.294100410754485,0,2
0.0015052060806633393,16.491521864926966,0,2
0.0018904701384384911,34.91001059326187,0,2
0.0007096153996154333,23.573503096887972,0,2
0.004158327547144364,52.336878930708515,0,3
0.0030442019432843827,91.3017862372682,0,3
0.0008478159255080484,15.656033035818869,0,2
0.000597754730206475,9.462529774554687,0,2
0.0010914638244866905,15.49292127891648,0,2
0.004009540296341263,42.17256753907785,0,3
0.0017274072418250923,21.48885582239853,0,2
0.001773155935262793,59.54031898975176,0,3
0.0011951257491254412,36.227034092128505,0,2
0.005630789848812258,60.42070834466957,0,3
0.001434796169258811,47.66408953040704,0,3
0.0074874952625619585,82.03540593036954,0,3
0.0004878997625648654,9.988533189104498,0,2
0.0009692173534775863,21.037371846230883,0,2
0.0015318212117867817,31.360226398290877,0,2
0.0010213634972900865,17.718764834951873,0,2
0.0016919443266702272,50.74483957274473,0,3
0.0013817550957675453,14.533376844197225,0,2
0.005347856555358817,84.581029582309,0,3
0.0017949499489683127,101.78041067502379,0,3
0.0015375888025031565,28.393593896068033,0,2
0.00029985407986228243,18.602114836298647,0,2
0.0018668763823700809,18.926134348857488,0,2
0.0004325509616560129,14.369391419191127,0,2
0.007747509754975923,97.51047156905963,0,3
0.004703518684610111,93.11608361445329,0,3
0.005197686687065838,101.73482217758094,0,3
0.001420524729645523,59.33634335445335,0,3
0.0005817797356112535,28.915540734746063,0,2
0.00036590856463143776,3.9263505224007376,0,1
0.0004965467013207425,17.563573778729705,0,2
0.004538708448691171,140.336308278229,0,3
0.0010609438757785714,37.52711676014506,0,2
0.0017592095137705212,32.48611100105676,0,2
0.0003749795415126623,21.26274983423767,0,2
0.000978045934274716,21.22900083062464,0,2
0.002098181268292797,118.97476655559555,0,3
0.0009552692800905402,10.364133022349954,0,2
0.002513272537151278,60.51698814136961,0,3
0.0018580512508721574,29.413176333967755,0,2
0.0009680604023978739,60.05578040542074,0,3
0.0007099135666037541,35.76221608368372,0,2
0.0015834821797390771,29.241075299180753,0,2
0.002461989788171258,30.627024313231722,0,2
0.0015663111751696211,33.99760693586489,0,2
0.0006525437752295756,25.37532267423777,0,2
0.00036553422617086615,18.167734556244845,0,2
0.0007686436888541225,29.89007384114229,0,2
0.0008505717551213451,33.07599208375475,0,2
0.001883307258736388,143.97457100109463,0,3
0.0019727225054535836,21.40292678601221,0,2
0.0017106296474921423,27.079474497908453,0,2
0.00021839133191023025,4.7402985934004835,0,1
0.0024142495051482763,74.64829844110217,0,3
0.004189232978468524,148.17921919109102,0,3
0.0012834154223583662,13.924333627683332,0,2
0.0009575268103458636,10.274659451606565,0,2
0.0003496276203681024,3.5444764193531406,0,1
0.0004138507001403424,31.637947942273918,0,2
0.0021604406798285823,90.24316669744037,0,3
0.0007608939827594679,43.14554959592374,0,2
0.001599425388289287,90.69343296046237,0,3
0.0004314249089913338,5.366903323683583,0,1
0.004884327083154232,106.01688537483255,0,3
0.007795955113882865,79.03431381765725,0,3
0.0006919769148068668,8.60815666084752,0,2
0.0002992322563454925,15.073959865044719,0,2
0.002833907717252212,30.746300720444236,0,2
0.0028748202401281384,96.53280387325663,0,3
0.00022876294944544487,17.48840894366413,0,2
0.0012373718595415696,22.849694288258018,0,2
0.0007012642792686102,13.725913285311082,0,2
0.00045705645250273413,33.8007479580197,0,2
0.0008526553021929042,42.37856290637571,0,2
0.0018432999415056099,36.07908730544904,0,2
0.00020143937233527292,2.2070345423135045,0,1
0.0016089828739268039,20.015662874025633,0,2
0.0004806094717857635,8.875084250270952,0,2
0.001725983125184164,61.050515247372545,0,3
0.0019719910618029566,47.48349330919904,0,3
0.0007484590298440302,15.32283561890057,0,2
4.034683533713669e-05,2.983774115137609,0,1
0.0031619177045965827,39.33409101873216,0,3
0.001345994769782135,40.80022411734185,0,2
0.0011584245384071042,44.35970517977417,0,2
0.001971783835638974,24.816951217379017,0,2
0.0003888341128217044,14.88967648451884,0,2
0.007883456696268873,111.90272298624406,0,3
0.001236504916972572,19.556406922756448,0,2
0.00016921594161741377,9.941888206285594,0,2
0.003302748780531161,166.3774593357006,0,3
0.0019030706641155219,30.125839098010076,0,2
0.00411045916528173,51.13389722348948,0,3
4.117771824733563e-05,2.046609595457519,0,1
0.003438597003095838,36.16735426878158,0,3
0.00037680018096605,12.652470391325073,0,2
0.0033754305380908557,53.385386694639244,0,3
0.0017660932481852504,18.95091238054284,0,2
0.000262527065416066,19.41469400923492,0,2
0.00017235564685659873,9.773213191435724,0,2
0.0017086256368128855,21.255213637482054,0,2
0.0006600857737079754,19.797310208771965,0,2
0.002158342193200306,42.72894094972682,0,3
0.0017674772912978597,27.954199502887228,0,2
0.005292796773966985,91.82022032894047,0,3
0.0012707270243640183,49.41447531664309,0,3
0.00020621787672300273,8.019148081217049,0,2
0.001315912812653445,31.685811586788333,0,2
0.0005145177933315061,17.2768524931344,0,2
0.0003471858075510113,5.495993381967003,0,1
0.001283396253169721,23.699595080890667,0,2
0.004656761093789408,85.99320127254543,0,3
0.0005740480359425103,17.400727734154074,0,2
0.0005746787780577878,11.765117526453155,0,2
0.00017847395610057367,13.198704829990506,0,2
0.0024595810385253337,103.77937404281487,0,3
0.0014312625380008945,47.54670190402956,0,3
0.0076630475345070255,95.32791089565293,0,3
0.0007234219746141376,11.441551358369473,0,2
0.0004690425347667024,18.23955130590297,0,2
0.0008501323202279235,35.87041803660864,0,2
0.0025294015335205486,31.465622902766775,0,2
0.0014463561415063138,25.091600010118643,0,2
0.0010741793752105683,49.1941833094968,0,2
0.0008458100736454004,26.15234368582575,0,2
0.0017629185398163741,32.3248729303779,0,2
0.003423810746383524,42.5920267733044,0,3
0.0004092349111384054,23.20515808374726,0,2
0.0018859424010145022,50.348513133244865,0,3
0.0019500179217832175,19.769011766861016,0,2
0.0004463937045136877,7.066466406172125,0,2
0.0015205256106268833,69.63549789000595,0,3
0.0009645292817072228,15.254874334154264,0,2
0.0005134549718036918,25.519672212454346,0,2
0.00143307163353883,84.19678332940201,0,3
0.0018872075227522286,126.78368070886873,0,3
0.0002607884662310249,9.22446459740287,0,2
8.466878650837368e-05,5.252616507343166,0,1
0.0020349927976610143,21.836315972068327,0,2
0.002370585494867368,117.82253187285065,0,3
0.002225930828709062,53.59809872318162,0,3
0.0008254280887250728,22.036238722544084,0,2
0.00028088730353293756,21.47319766236271,0,2
0.004898879148301193,53.67369533362504,0,3
0.0008570340829905812,13.566953331018077,0,2
0.0005343327836954459,10.458547043279957,0,2
0.000510831199427595,25.733352052438963,0,2
0.00035340760837205025,17.803067656084846,0,2
0.0010431207051418117,27.64787543053902,0,2
0.0010863288442236705,45.37673998310974,0,2
0.002488876039139544,31.325094634125374,0,2
0.0019880073423985886,70.31869014133231,0,3
0.0003188368551599166,24.37435486325628,0,2
0.008176258870936912,89.58172151678795,0,3
0.0029120221655638727,56.99729033841669,0,3
0.001273770657250124,63.3087834998971,0,3
0.002255120234807027,132.49433269635134,0,3
0.0023682005789224287,24.008489659516666,0,2
0.0029818118020380085,58.363289615403176,0,3
3.9415026760151225e-05,1.9855497489421414,0,1
0.008347566137929672,103.84328655261585,0,3
0.006231700771092176,78.43243830395913,0,3
0.004026886709676212,124.51084291470356,0,3
0.0011000676818308933,22.521147566183295,0,2
0.0045961117698382434,72.75700596171464,0,3
0.0020506833218139208,54.74655859316481,0,3
0.000505154400757919,13.48597548217537,0,2
0.0017232865979239194,57.86577012807817,0,3
0.002798289399334631,158.67352981933888,0,3
0.002353307520496435,145.99266670477076,0,3
0.002522402604474612,27.066425170341486,0,2
0.0003389558567320065,12.979681779069407,0,2
0.0005765731724830622,19.360593125435894,0,2
0.00410302125967127,137.77423054806198,0,3
0.0022757455516326432,36.025327702878975,0,3
0.0005415280792902231,22.849194320119704,0,2
0.0008369103586840382,35.31253160345201,0,2
0.0014127418591022936,54.09831222245755,0,3
0.00040673439093534856,7.510883989908059,0,2
0.0003645424078934107,7.216886677942632,0,2
0.0017675138496581109,25.089198851850405,0,2
0.0013129796127974863,39.378919721794745,0,2
0.001745066491338021,34.156354523275226,0,2
0.0011652548475600034,44.62125911813078,0,2
0.0014961610324068359,30.630172988562773,0,2
0.0008443938014903412,9.161196601092625,0,2
0.0008220376903051056,40.85681034341972,0,2
0.0011865378429264705,45.43625169511571,0,2
0.0008605537697269116,18.67877167331326,0,2
0.001063752025211453,20.820920852199485,0,2
0.003147372334258138,54.601080209658654,0,3
0.004250569259645285,113.47634057004899,0,3
0.00016477046629480795,12.596328659807835,0,2
0.0019711164618046785,97.96817395909866,0,3
0.0011322459081351379,83.73311077398255,0,3
0.0012382931190611202,37.13892040079971,0,2
0.003605894698372201,96.26563169714467,0,3
0.0013201627916168165,44.329385909094896,0,2
0.0004989860236988263,29.316760682801945,0,2
0.0005540210467727842,31.415076334329584,0,2
0.0002836268680520385,6.156270177565059,0,1
0.006704252069625386,83.40054541451568,0,3
0.005832642064096254,73.40986925486312,0,3
0.0035043779267493655,37.60342728583352,0,3
0.0004635962924719628,26.287652790728483,0,2
0.002158156860502265,34.13313864570506,0,2
0.00044903991221112725,18.756721269795744,0,2
0.00022357627271265364,7.908215582778757,0,2
0.004884087489144778,49.51420290280573,0,3
0.0027099897930450713,29.69151965293426,0,2
0.00042958307880287003,31.769006419527713,0,2
0.0010652416407576314,40.79144006583626,0,2
7.01937164044428e-05,3.4887589611270373,0,1
0.0023039910883753505,25.243267283237465,0,2
0.000406432899325409,8.04619740558904,0,2
0.0006863546696485119,9.74254815204898,0,2
0.0007655224922147204,25.430742978155386,0,2
0.0014224034847725685,29.120170793401044,0,2
0.006781294544109513,84.358949771233,0,3
0.001576283751004691,34.21406693356751,0,2
0.001444110415354631,25.052640821082672,0,2
0.0005990405872919901,23.294756266966516,0,2
0.004653260966459483,92.1211259669164,0,3
0.0019277459625038711,20.68551299026544,0,2
0.00043518170161246277,21.92247448261086,0,2
0.004724482133936076,141.69679473006244,0,3
0.0011445773794925885,24.843653338205463,0,2
0.0012938191235717545,73.36440874689661,0,3
0.0011603253530233597,20.129495636766556,0,2
0.000306657327758945,10.187190793106426,0,2
0.0003215525365180595,10.682011297286676,0,2
0.002925408631762716,54.02150726845715,0,3
0.0004959804156250946,29.140173186521544,0,2
0.00314746819959225,158.55513004045434,0,3
0.0004548076519528075,22.604790750744108,0,2
0.005866433713131924,73.8351723182698,0,3
0.0007394246335380771,26.15451692743665,0,2
0.003979179884529572,154.73747108115484,0,3
0.0021813348969646484,34.499719567872894,0,2
0.0022795465968240094,168.57956945121344,0,3
0.0017202689251896352,21.40005553646717,0,2
0.0006765524625034632,25.907313580020926,0,2
0.0001104507327475685,1.374001343761354,0,1
0.006428804601115738,117.87855600346715,0,3
0.0013396282522758682,35.50679692156874,0,2
0.0009583356127890188,47.63107195551259,0,2
0.001937482247493185,24.38523003967861,0,2
0.0013722322905101083,21.70305406586353,0,2
0.0009268445369250463,16.99462068476387,0,2
0.00066343392618948,30.383277627450898,0,2
0.00391203932088138,41.97780297016623,0,3
0.004071975613451633,136.73175727067013,0,3
0.0024597764681920575,144.51843263389577,0,3
0.003938614434243854,77.9731889200615,0,3
9.056023066304902e-05,2.417662893859051,0,1
0.0007601806488315735,47.159497487550055,0,2
0.004880306396865028,77.25584132698312,0,3
0.0004957476562668571,10.14919927816923,0,2
0.0015544078175298577,22.064238330251793,0,2
0.000464611135339533,21.27779204012922,0,2
0.006689469233898392,121.08086417656827,0,3
0.007835424688113254,98.61697247829409,0,3
0.0005446476493197885,40.2783897257767,0,2
0.002212297701394016,27.52086780141755,0,2
0.0006007335316040183,45.92471679671222,0,2
0.0005909951481125298,11.699996814606942,0,2
0.0016035277696097936,34.80541267033617,0,2
0.0008982399612629613,44.644205701298546,0,2
0.0004165486090332511,7.539621424329523,0,2
0.0012868742228778947,16.00864808680955,0,2
0.0007558101986722322,31.570737575546655,0,2
0.0018092100888296733,32.74710046088389,0,2
0.0007782248383464235,52.281589721904595,0,2
0.0030592412195960942,38.50373389652445,0,3
0.0007677404170361553,12.142486293840461,0,2
0.0014630142316022238,45.23622051131584,0,3
0.0007762265628906544,18.690728127206814,0,2
0.00037361120343744206,21.950655367854715,0,2
0.0016995881977562599,18.62123484932839,0,2
0.0010336921250755796,10.479427678922868,0,2
0.0007884966436508646,39.18975760601605,0,2
0.0004619398743942805,6.557063962196783,0,2
0.001264220895541358,38.321468277520076,0,2
0.00035328899093102587,10.923652246686633,0,2
0.001669500399174347,28.962739556793498,0,2
0.0008987491822730317,37.92175419180695,0,2
0.0012819857345122494,23.204223708839248,0,2
0.0016545648714693284,17.951095863137333,0,2
0.00045946779719037645,30.867309393742797,0,2
0.0028537916253804614,110.97475156144058,0,3
0.0035629933758693296,94.43700669567156,0,3
0.0017448571170504215,72.88394129372254,0,3
0.0015826682660006045,25.05383033121389,0,2
0.0013180008427908748,50.47038186301815,0,3
0.00032193293219251115,16.21751664868324,0,2
0.004239804138118979,142.36722547487645,0,3
0.0010545564514254098,37.30118433811021,0,2
0.002673589126818675,179.61324661685606,0,3
0.0010243492847910964,42.78780904604209,0,2
0.006412857127415597,65.01265788118796,0,3
0.0007022955552604172,12.711703988021629,0,2
0.0020146665851579824,34.95073354194006,0,2
0.0010809047288781524,45.60761138008658,0,2
0.0013105179301606854,40.52105358391366,0,2
0.0020331533149063673,35.27144406062224,0,2
0.0026298316910942014,27.660715795843434,0,2
0.0009393317910192997,31.541565725980576,0,2
0.008576580065417382,107.94518407563389,0,3
0.0028235431738477135,87.3036084519259,0,3
0.0012691538244204107,42.16143227248964,0,2
0.0072220349040854346,114.32568720815682,0,3
4.5268561084913124e-05,2.249932133986872,0,1
0.0013647217346200973,21.603710343478113,0,2
0.0007606286836410267,23.05642002431836,0,2
0.002489358764440959,27.008138870092733,0,2
0.0032799238768277767,86.93426016872772,0,3
0.00046689820108673785,12.46465968242646,0,2
0.00020894776566941642,2.9659354825105617,0,1
0.0001582749709989431,6.611259788453646,0,1
0.0007193904606684628,48.32906258098407,0,2
0.0010514580351408162,48.15361430005208,0,2
0.0005500711302108583,10.157784877030677,0,2
0.00014040927087984292,6.43032213187091,0,1
0.00022343946088450962,4.423455909841892,0,1
0.007016910350975144,110.97857540279853,0,3
0.0034438513098172968,131.87585701226502,0,3
0.0013945436187250725,28.549809383105373,0,2
0.0020029404958642693,31.706790630047074,0,2
0.0017607223692134735,34.46278852893712,0,2
0.001614100283002612,31.954523196848452,0,2
0.006694087112060686,105.96820971949022,0,3
0.0016213577950813407,20.169606246534844,0,2
0.004164629876762218,138.34947120715097,0,3
0.0009809532522446114,19.420040863609493,0,2
0.00017255150808376124,10.137861638789008,0,2
0.0014372816952378817,18.089685629658025,0,2
0.0016907148292230059,84.03168849439624,0,3
0.0011695602843698049,53.56234195943005,0,3
0.0007208132064270608,7.734624393006299,0,2
0.0010353208224895558,27.639690374529334,0,2
0.002470020664968349,65.9414984374111,0,3
0.0005874753915427047,43.44563463077925,0,2
0.0011522427331757958,27.744806338677538,0,2
0.001938614916273945,35.5464415480126,0,2
0.00047350187241908183,9.693772226692431,0,2
0.0010616691426895454,11.518511533748676,0,2
0.005942045194756075,108.95333591934394,0,3
0.0027175553151110453,29.4839427671489,0,2
0.0005525206249014741,23.079185335796325,0,2
0.005259447587861089,107.67409787522035,0,3
0.002352052159109375,173.94158156797155,0,3
0.005081549405606687,51.51604447894503,0,3
0.00825205887285332,86.79561356932007,0,3
0.005070378905331885,63.07524862897392,0,3
0.00150729148092826,29.840017438158274,0,2
0.005216199427904732,103.2656814286053,0,3
0.0010320441990962271,24.850550680376266,0,2
0.00020974786698577393,15.511507928390916,0,2
0.0018333855636649087,140.1581705713601,0,3
0.0003142922238957685,18.465506997805566,0,2
0.0007321718814047837,49.187725735991094,0,2
0.00020594285434716772,15.743864400155568,0,2
0.004791526020349162,98.09456850135781,0,3
0.001267575164839485,27.51338488739959,0,2
0.004769123294344977,93.34650961176713,0,3
0.0007140186604859244,27.765882677959784,0,2
0.0045267063356568635,47.61214866558669,0,3
0.002963165352305574,168.02261624565614,0,3
0.0031506483968927936,58.18085494966924,0,3
0.0018893404542764127,72.34876572207828,0,3
0.0017969459519060458,19.495850298632405,0,2
0.0020648880520370465,104.01966687133755,0,3
0.000494933325029356,15.002577303927756,0,2
0.003251002718136056,59.61038322905561,0,3
0.0037714379101087625,114.32103261588708,0,3
0.0012160122225950282,36.86015155863842,0,2
0.00041579240887119575,7.525934035104658,0,2
0.0023326992104101122,70.70952482117302,0,3
0.005243275338856743,113.80804584227081,0,3
0.0015837852450502573,38.13590109165844,0,2
0.0008888402989385344,9.537624722130651,0,2
0.0013306657891261951,21.064600601719402,0,2
0.00044380768287230796,27.53259680780067,0,2
0.00047452864835272843,14.232075934035123,0,2
0.001725498097971326,18.720681372158936,0,2
0.0006473638560996299,15.58784820333813,0,2
0.00040853218007044995,10.82813021376925,0,2
0.0017453383000028831,87.92220399792853,0,3
0.0007344569739528652,49.3412395602597,0,2
0.0018100609943146884,102.63726375996191,0,3
0.000249354636694106,12.56135228065088,0,2
0.005965042521026239,103.48243885842881,0,3
0.0006174028650915361,35.00906373298668,0,2
0.0015587860549864908,91.58284112043637,0,3
0.003822241186846029,60.45208796249259,0,3
0.00037496110717568086,7.3391498677580005,0,2
0.0013880618429236425,42.07537469791352,0,2
0.0009353544410864113,28.921044538907523,0,2
0.0008232026788266977,32.01169698412228,0,2
0.0012172177924300676,26.42035166345357,0,2
0.00610910554765339,96.70788070652267,0,3
0.0015554015457150093,37.452451139180795,0,2
0.0008791344056266786,36.72207872086464,0,2
0.0017903657046809977,101.52046678830666,0,3
0.004800729793314285,127.24316433081067,0,3
0.0006325925185562821,16.766841138444562,0,2
0.0011881096804480737,42.02515488325329,0,2
0.0006202961108662859,23.753081612053155,0,2
0.0017306325357419041,34.26152519204772,0,2
0.00038632829588512957,4.862343579243064,0,1
0.00034110766273188695,7.403921024259051,0,2
0.0013125270984531401,25.690219323274707,0,2
0.0006414884298249327,43.09555959524206,0,2
0.005424901717783826,107.39738392156998,0,3
0.00026622892024904637,10.194739511316346,0,2
0.0009431317164838802,33.35993057946964,0,2
0.0005169083342509923,38.22698099489817,0,2
0.0046781895733129,66.40515348391965,0,3
0.00041277447237570916,13.712414229085805,0,2
0.0010410301788855607,52.442364758640274,0,3
0.0002881018598527573,5.320178708406213,0,1
0.0015274579764042633,46.300794896255596,0,3
0.0014214261848063568,37.67484807608123,0,2
0.0012060703871679223,20.923087246927786,0,2
0.0004317806937212085,16.5342356284411,0,2
0.0009414767829409269,18.638520801084223,0,2
0.0021992748631981768,39.807358653872534,0,3
0.004697294520921892,74.29182191373405,0,3
0.0002781288817441522,6.6970541353868835,0,1
0.0010031262535939534,41.90130771322109,0,2
0.001544884833651848,15.661828598467473,0,2
0.0004914897605865033,24.427960142025142,0,2
0.00100659959671504,10.801230783956626,0,2
0.00141111033085361,24.48015048012323,0,2
0.0005986942044003337,14.415933621376652,0,2
0.002515858832285142,27.564558418084108,0,2
0.0008767101917489794,27.107771545764194,0,2
0.002047377137522797,35.518201036628604,0,2
0.002635470147447791,111.20082563924824,0,3
0.0004911751190515608,28.857849187520706,0,2
0.003352998144232308,36.37813914336541,0,3
0.002266880665315789,133.1852893772547,0,3
0.0003097738944335136,9.389965401303078,0,2
0.0039765783161893765,133.5284374741441,0,3
0.001240264772878542,26.920598482072446,0,2
0.0006150269792006736,19.016558725516532,0,2
0.0007600180643785444,29.554651126769464,0,2
0.00046745988484079903,23.548502519971645,0,2
0.0019500595654505164,35.7562906261237,0,2
0.0005520154640544992,37.08471458346988,0,2
0.0005023685572266539,9.832908159747674,0,2
0.0008611080088336492,30.458633607628073,0,2
0.0032616454474938108,66.77407185467158,0,3
0.0006170643695904672,9.768203704636056,0,2
0.001807897714111135,106.2188159714292,0,3
0.0018343545147084445,23.08726021792661,0,2
0.0010072329495378165,33.8216001874545,0,2
0.0009067658938438108,9.729973783409303,0,2
0.0009387519223416805,10.285267945647297,0,2
0.0013660629431019842,21.605480439826906,0,2
0.004721685036308154,96.66474819690424,0,3
0.0007061417846786936,29.794892403044592,0,2
0.0015872149818403852,28.728940206700567,0,2
0.0007274357630545243,36.644904632278475,0,2
0.0016457100029191592,63.01939239070549,0,3
0.0020777392135714907,32.86126321232685,0,2
0.0003405328290580217,25.183463144200427,0,2
0.00022327355979365597,11.24750626940868,0,2
0.0022932647475357084,69.51417476533062,0,3
0.00033296608450673296,16.549037016092836,0,2
0.0049357675016436535,118.84814676887045,0,3
0.0004923605454732643,22.548631529652642,0,2
0.0004844867695149538,4.9116598060140095,0,1
0.003513303605681084,38.492884114368245,0,3
0.0009779546697024914,21.227019885137658,0,2
0.000161743408124917,7.407361425870018,0,1
0.00028933895605918786,5.237098731550084,0,1
0.003305875258121442,52.332405717864376,0,3
0.0016937733380401482,24.042479834752967,0,2
0.00493378244115707,96.56939895262059,0,3
0.00909091745232108,98.63132808178267,0,3
0.0004310501123990503,13.066128923021964,0,2
0.0029163315767491626,53.473853449340034,0,3
0.0027552736186492073,116.25580413139576,0,3
0.0021133546057207587,105.03767568404074,0,3
0.001093733266281564,83.61342902069474,0,3
0.0012439822993025608,37.70798947292044,0,2
0.000699518540974761,53.4766068451977,0,2
0.0005695655947832353,6.1794655311514175,0,2
0.0007710795921085066,20.437435863904703,0,2
0.00559107041195311,88.50732176801596,0,3
0.004852420581258897,87.82987958890688,0,3
0.00028961309292191,12.219912671005014,0,2
0.0024762676382990957,140.41368524633026,0,3
0.003582917589305662,149.66105401262703,0,3
7.6741513124992e-05,5.155538741688154,0,1
0.0009823971535285073,10.763459133992846,0,2
0.0005243868955871512,21.904019154175195,0,2
0.0014705716937546138,29.113071718998324,0,2
0.0017161204310999704,21.348448486771876,0,2
0.001898397858611179,20.596546278684627,0,2
0.00273223083248989,183.55282994217058,0,3
0.003209596429563599,134.06715969058627,0,3
0.002306014097396332,24.254784359507337,0,2
0.0033833133905914717,170.43593790156055,0,3
0.0005803810033018858,22.569145231064205,0,2
0.0025885365510857528,32.20125943116935,0,2
0.0008136724889712796,31.64109863975389,0,2
0.0008486298046989123,13.433912587800386,0,2
0.00012319026691710131,7.237756975411751,0,1
4.1979236168534164e-05,1.6324370928522296,0,1
0.0050583983217527655,80.07505806705957,0,3
0.007885982998063768,79.94700404569905,0,3
0.004081711065559135,64.55583107152573,0,3
0.0068693160753211,86.45749034795041,0,3
0.001370649905688567,25.310848214066144,0,2
0.0017876501605353832,32.35686101763644,0,2
0.0006031996283812235,25.19608389347672,0,2
0.0013428854557696716,52.22048397091477,0,3
0.000582966632234235,15.5633083616445,0,2
0.0015620735177334297,115.52020100731218,0,3
0.0006399968117372636,11.584083030491351,0,2
0.0010898336978091563,11.824081075090243,0,2
0.00026448691827483424,16.408034296904937,0,2
0.0007237123369539498,55.32616770725738,0,2
0.003353321075932637,140.0706419161852,0,3
0.004077196239579567,156.12861878472472,0,3
0.0010802255837835647,33.400442493634,0,2
0.0018793663823402904,26.676903771440777,0,2
0.0018542147091297975,115.03033397520649,0,3
0.002536095240885432,67.7054741831949,0,3
0.003940892369994936,85.53913928190394,0,3
0.002691902310974344,95.21647151853882,0,3
0.0015100514026534376,16.383206216160346,0,2
0.0009971669406359318,56.54311463548999,0,3
0.0015271612851469802,19.220913788595286,0,2
0.003536256459569348,69.21548830248923,0,3
0.00207489420201198,35.99557113642722,0,2
0.0010397402397702856,10.936045592264401,0,2
0.003372229542056542,53.334760142212396,0,3
0.0005987465239956829,19.890426624495937,0,2
0.002063500811282687,49.68695287923102,0,3
0.0007851432204899286,26.082545770216377,0,2
0.0039549784271620606,151.44851581141197,0,3
0.0009775506927932373,20.012917177222857,0,2
0.0028192477344648236,30.888584794371038,0,2
0.004113953406330942,41.706690174263755,0,3
0.000429570672040117,26.649372172178975,0,2
0.0008763434918208593,17.349069777563198,0,2
0.001934523535341696,21.195261958577618,0,2
0.003977004609016314,73.44060623189159,0,3
0.00020064072092226373,6.737259982876147,0,1
0.0027580489821637227,34.71291619718462,0,3
0.0011610941383647388,68.21737958173446,0,3
0.0008207158100310111,34.62922005738288,0,2
0.0007333159854423354,15.917008719646704,0,2
0.000601636276663322,23.395694254362784,0,2
0.0008590383048056992,16.814039484260164,0,2
0.0005984527826819034,35.1606982491993,0,2
0.0030188001059177076,65.524642258792,0,3
0.00019643473921992016,3.555511976723149,0,1
0.0009829158875759923,15.559677543426533,0,2
0.0009648351804345587,37.51932814372465,0,2
0.0014455853008773071,26.694628569364415,0,2
0.0003875737115283623,7.157056914054595,0,2
0.0023188738581215763,28.846669621956508,0,2
0.002187903756529829,65.61966807986542,0,3
0.0012862623013485213,20.343363483067204,0,2
0.00433354568810967,54.542181549657464,0,3
0.001101418571413094,19.107572087211974,0,2
0.0012007680387468014,36.01346718671437,0,2
0.0004226387455899847,9.173596010945438,0,2
0.004683662160323911,66.48283481228937,0,3
0.00025467034233511124,3.168085750814633,0,1
0.003885336652165362,39.38900516598035,0,3
0.0023438518781376573,29.499814669925424,0,2
0.0003400012096487209,25.992321790270186,0,2
0.001392730719551666,14.648819064778403,0,2
0.0026384806096126845,131.1374200150423,0,3
0.0012434828211840573,24.33880903380322,0,2
0.0003104182188849182,8.22762332757381,0,2
0.002725194255137634,27.627642133428097,0,2
0.00756270367566466,81.15094424645973,0,3
0.00041869809547626894,8.289012860764771,0,2
0.00021666591533599588,4.435695305331445,0,1
0.0018053439383107722,28.553093650108256,0,2
0.002818285793133584,48.892038278940845,0,3
0.00191967596229521,35.449334436306096,0,2
0.0012028565547821466,37.19217706858303,0,2
0.0003385140506267841,25.034168192638756,0,2
0.0027412505858111402,28.832625919023197,0,2
0.00042928990271799466,16.438855436720598,0,2
0.0006374840286707984,11.05916710360707,0,2
0.0002352680756374479,7.056166427358812,0,1
0.00017261953815470192,12.7657523919585,0,2
0.00635663700400317,64.4427060521,0,3
0.0029628004539949894,125.01217553446378,0,3
0.0018530001579476344,32.146120480040665,0,2
0.0006787629737426781,42.108570908849906,0,2
0.004322515956777649,104.08168753305749,0,3
0.006508027254198516,112.90221822353776,0,3
0.00669919939539257,106.69590593976132,0,3
0.0056748783328078225,90.3818873092927,0,3
0.0021049173807108136,33.52431441550324,0,2
0.0006419985646048801,6.543730233376348,0,2
0.004211243949853327,50.89791039982732,0,3
0.0010464641039344142,33.53212895838777,0,2
0.00047945991090765037,26.025827480620382,0,2
0.0002777611557821734,3.602771968286174,0,1
0.0007520015849256286,20.809340962051753,0,2
0.0006615273994237426,31.40969923561378,0,2
0.002314105341622234,27.638252462876512,0,2
0.0011603692454753697,32.109665398329895,0,2
0.003129940727898025,148.6113756954186,0,3
0.0009372513134507449,36.126888243572566,0,2
0.00055216355376855,32.93148712268416,0,2
0.0008759113308117033,41.58877089872262,0,2
0.0007294436333053144,17.725249936782248,0,2
0.0011143724472529861,43.91789512896262,0,2
0.0017254835502121095,93.66192287788246,0,3
0.004946022161009582,113.14737444019774,0,3
0.0003111957037163298,20.053747185394023,0,2
0.00037295116256903766,4.322755977530175,0,1
0.002720763050812493,34.23037450422342,0,3
0.001197183628549668,26.123414132658986,0,2
0.003971752739659467,109.9060941270634,0,3
0.0069364751214117185,115.53050136862288,0,3
3.237355187363384e-05,1.941316514252174,0,1
0.004069883471571277,71.46426021250436,0,3
0.0003780119390524108,22.544942016117492,0,2
0.0013542922726599604,80.77110166555218,0,3
0.0007662322066713486,15.819674560315338,0,2
0.004380106324566571,130.89035456893677,0,3
0.001360635457573722,19.119562657055425,0,2
0.0017016726091465466,27.101969941458766,0,2
0.0005517638457949283,29.950597190738552,0,2
0.0009426681875968238,30.206168670882064,0,2
0.003931165350533143,81.1630677316291,0,3
0.0007926305314280047,11.13799366698612,0,2
0.0017197912520461008,38.44254817374817,0,2
0.006967375231692425,80.7565867955134,0,3
0.0012229315778911837,14.780588020504682,0,2
0.003404568248410629,94.21100025574904,0,3
0.0004735303790117003,22.483493195655967,0,2
0.001251746868786302,25.843638421461694,0,2
0.00288267090412085,125.77904187836556,0,3
0.0008600178643074384,10.820028435322518,0,2
0.0008245712579155292,30.832395494291237,0,2
0.005253435293214051,120.1798922181353,0,3
0.00046758693213207024,6.101004967009208,0,2
0.006815959455037201,68.92272848365117,0,3
0.0009356265451010507,17.042070958197854,0,2
0.003071283166692878,39.836862244005864,0,3
0.0007217296268281833,28.44367351386033,0,2
0.0010856541509203393,41.84716054124894,0,2
0.000540581444355096,24.80749636195874,0,2
0.0013649061566670944,41.734962816727666,0,2
0.0022632857456694007,26.23301109603104,0,2
0.0005459653870641712,21.044548287381733,0,2
0.0019490403884006107,59.59613248197827,0,3
0.0013715313350993277,82.24542185039489,0,3
0.0007244660121571426,23.214258046967615,0,2
0.001296731777524366,39.650383474274584,0,2
0.0006033875879897741,32.75281397195734,0,2
0.0011937365103882366,44.6362347110038,0,2
0.0038641630104027007,125.24507241148294,0,3
0.0019218620114957858,115.2466209328511,0,3
0.00030293377489818893,5.319301711634093,0,1
0.0008551489081614246,20.779848419052975,0,2
0.0013337615693128338,22.2144735058968,0,2
0.0017283845238024106,33.533904207777276,0,2
0.003567522326088528,114.31507134412466,0,3
0.00041701836503623405,19.137137764408426,0,2
0.00035687309620518527,21.28420409478839,0,2
0.001212882696730042,23.532201085633833,0,2
0.00084243416997982,50.51751419602804,0,2
0.0006279857911562683,17.37758365068739,0,2
0.0010706098742601906,34.70055762792271,0,2
0.0020084505066396245,20.309376817033737,0,2
0.002720812036227263,129.18571144442458,0,3
0.0021463985699010767,27.004199009944184,0,2
0.005551953480541584,56.58966833871149,0,3
0.0034176611867542724,104.5023951666095,0,3
0.0006757262566078405,13.110357821253968,0,2
0.000809981281496464,38.458374453488815,0,2
0.001483441676464493,17.929163551470133,0,2
0.0010268772405220721,21.200967039775666,0,2
0.006198703489308031,81.74815950380791,0,3
0.0004207798952291084,7.664340937978663,0,2
0.003308359765569985,144.35304456969732,0,3
0.0007721717812610544,23.610825126431497,0,2
0.0010413403273933284,17.344049825501603,0,2
0.0017130387194020896,55.52293158378678,0,3
0.0007527970125590975,13.721191230294663,0,2
0.0007284838751483417,9.165177342131662,0,2
0.0008045045668721177,15.608898777256753,0,2
0.0011885335669691388,23.059782261176572,0,2
0.0014958217349750856,96.39217556470963,0,3
0.0007689516582578637,36.51026447830471,0,2
0.0019999499109463717,94.95876549306769,0,3
0.0014398600798413053,46.0739404588778,0,3
0.0008780508581972724,19.627098565067442,0,2
0.0004702615058689937,10.511770293121335,0,2
0.0009453158808556567,20.627477400178226,0,2
0.002356284094209125,27.31092479465401,0,2
0.0016751157093283352,20.245773053756785,0,2
0.000830647536585579,39.43962006363441,0,2
0.0034403375312037207,44.62377607826442,0,3
0.0018392559603546176,32.29602701559315,0,2
0.001356812379915653,29.0546188530051,0,2
0.0027881867760252772,62.3244270647599,0,3
0.005182315030224548,86.31407785834327,0,3
8.153853475948919e-05,1.7460564808649084,0,1
0.0006977477333472448,15.596777120718851,0,2
0.19177052998941932,506.1755914847755,0,3
0.0004117402674000969,5.340582233057251,0,1
0.0008794890968261998,14.648335721831128,0,2
0.001099537776684202,36.357935586059625,0,2
0.006881843521528492,89.26270795380205,0,3
0.005319427928590156,116.07377131922402,0,3
0.0005855415034211333,10.281692500044358,0,2
0.0045598651313757625,55.111413552792094,0,3
0.001717581407463525,74.94290918537676,0,3
0.0014242139038972864,32.58094254763891,0,2
0.004962930348864006,90.45906830568106,0,3
0.0005140791572331388,23.591295920328946,0,2
0.0002129220943939183,12.698848306470094,0,2
0.0019971445822354926,78.70832281990378,0,3
0.00045512424314047336,13.6004400677352,0,2
0.0045391826255303655,52.61219375869428,0,3
0.0016625521293308068,38.0332724318694,0,2
0.0005224715126343653,11.188142801356374,0,2
0.0010282749410224497,48.823082244466825,0,2
0.0010302209699991386,22.061029262983993,0,2
0.003357857570287579,102.67377002827918,0,3
0.0008360981832214953,23.136456785697867,0,2
0.00021557814520247687,12.927386374748302,0,2
0.0018157045771267511,86.21069167801379,0,3
0.0017993861674668985,38.53184127666228,0,2
0.0009803519378882755,12.791486740660444,0,2
0.0014050080956023445,24.670943245958902,0,2
0.004624168485826942,46.638059699604504,0,3
0.006455321012319826,102.81173658081276,0,3
0.00043692883324819283,9.020858021658983,0,2
0.0036147694028255796,119.52800157782879,0,3
0.0012378258505319189,16.05553614348333,0,2
0.0002060890085932502,13.280571764528082,0,2
0.0014332980627123461,32.038556864157314,0,2
0.03299892490970063,112.27719440653915,0,3
0.0020238789671354596,33.7087278033779,0,2
0.0004775275056770411,15.280355481808575,0,2
0.001983051659262544,91.00302523594759,0,3
0.0005237414961035775,28.429500594178297,0,2
0.001497342692818579,96.49018753501903,0,3
0.00524594179565028,69.18319087180346,0,3
0.0032653772966266406,122.09909487044713,0,3
0.0008056384175924203,31.053793853786445,0,2
0.0018216042179104734,33.2022834879393,0,2
0.0015703547179964357,60.530221281792386,0,3
0.0010897142960357327,14.218430575936447,0,2
0.0008537331258553645,39.17815092415309,0,2
0.0026430118643257353,143.46678261370542,0,3
0.00067739858080955,8.93349509735203,0,2
0.001647646835325355,23.152628229222337,0,2
0.0027410049205295168,130.14448113890109,0,3
0.005562251791268942,124.33318996475596,0,3
0.0012693873430167247,29.039062166402374,0,2
0.0007126172358822463,42.73289547464343,0,2
0.008216792694106087,95.23817941711962,0,3
0.00405458132110321,123.97760816527246,0,3
0.0011755477074004272,38.871322777916966,0,2
0.000381404570528587,8.167352089012548,0,2
0.00140647524504352,38.919895270819694,0,2
0.004075178710847326,124.60741798105602,0,3
0.0002299999634677512,8.600166170279858,0,2
0.0026211703562269576,98.01088784661576,0,3
0.0012709582137796348,68.98958276675894,0,3
0.000386157303592294,10.685720823624711,0,2
0.004777956281544471,83.89751534002461,0,3
0.00042285527406081547,6.734674381890216,0,2
0.005617518082475777,120.29286377556792,0,3
0.004481996705836806,51.94937030888097,0,3
0.0011508422242532308,13.744952473318094,0,2
0.0030232862782832628,55.10527868227148,0,3
0.0013593673297730422,37.616327977179274,0,2
0.0024533585101892954,24.808270000178396,0,2
0.0068225743399196025,79.07824661780501,0,3
0.0010370385117856782,14.572399016576032,0,2
0.00031884051305090593,4.135602257050767,0,1
0.00042724004162812863,9.32268724308155,0,2
0.007351016957133734,92.48437248309504,0,3
0.0005404338360146451,21.298728798205726,0,2
0.0006810886939683891,36.97055049850991,0,2
0.0005717721672179129,31.036679905236245,0,2
0.0015460951677041758,28.180594638900867,0,2
0.0009502965382176999,51.58356975511214,0,2
0.0006330697063350916,20.257534995495554,0,2
0.0004413482419530324,17.012020559171354,0,2
0.001116797771078145,35.78584945191721,0,2
0.00143976197842986,26.224700365536314,0,2
0.0014780155098457512,19.4919869705625,0,2
0.0014857629232604996,27.062589553324624,0,2
0.0006508807110976181,10.840747435560544,0,2
0.0008530777932663179,18.267706355138337,0,2
0.0009419438104051745,15.002023714154808,0,2
0.0009840796239528329,12.380870160604928,0,2
0.0006532203625338206,28.501842238561025,0,2
0.001511020574413905,24.06551881282864,0,2
0.0007119162588083429,13.812511798194828,0,2
0.0018761337398490547,120.89984294647084,0,3
0.0016345418158331482,61.118841135846786,0,3
0.0002398774521941379,7.334772796643998,0,2
0.002783233939405891,28.070912861810303,0,2
0.0007283611366811759,9.50354812613367,0,2
0.0086946669476893,88.62255791763188,0,3
0.0006054059680928146,6.105953917758314,0,2
0.000773800868974142,30.49582345478746,0,2
0.0025692299936523415,84.95560643371422,0,3
0.0026617931049517443,85.1744546212538,0,3
0.0056178238603333975,67.09583671546294,0,3
0.00022800109322944868,2.957346375926838,0,1
0.005868817103950189,125.67415111872002,0,3
0.00046314957415848225,5.3682165149800944,0,2
0.00032577327627515495,12.18132502093051,0,2
0.000831696602476127,36.28926272624339,0,2
0.00010745429052027534,1.4020476517626066,0,1
0.0014390457676485002,66.03837963439663,0,3
0.0006424320830320732,15.61089674270268,0,2
0.0009649316996572466,16.07142548580075,0,2
0.0013558273929186277,23.80736507263444,0,2
0.001505418772212213,18.939925085767282,0,2
0.0040023105832626285,91.55861406369979,0,3
0.0024402179489828083,31.651469761303037,0,2
0.0026666871523248975,26.965441294504686,0,2
0.0017303817434989976,55.37031447520161,0,3
0.0005091787687835414,6.64368908531983,0,2
0.003908507077502741,71.24015125015538,0,3
0.0004659726326588246,17.42366394867084,0,2
0.002101765110281459,64.26602173242797,0,3
0.0014258422610260685,85.50223771716972,0,3
0.0026024808731330493,31.454088121065453,0,2
0.00078653591934887,15.260273285365466,0,2
0.007032346502285195,112.00182837663728,0,3
0.00200388876039873,91.95924805126523,0,3
0.0019947909541513697,20.33240352177377,0,2
0.0019232609515333775,25.363859281958806,0,2
0.0008141382313104274,22.52878236587219,0,2
0.0005765050819801886,9.601983716071476,0,2
0.0009213080759816901,11.950061559023549,0,2
0.00036968759521132874,5.887890560906805,0,2
0.0015728346866989498,68.62720251668367,0,3
0.0015602861580753106,46.625902050377874,0,3
0.0026024700935037637,26.24777967309694,0,2
0.0013074219654933053,62.07714260354468,0,3
0.0005169456075219275,16.755217073550558,0,2
0.0025123937263853077,32.78134085969301,0,2
0.0012415005076159813,16.1031992211309,0,2
0.0006701628629480563,21.44447524972215,0,2
0.0005866767329560404,22.613790412917872,0,2
0.001018038782277171,48.33706357343782,0,2
0.0008384058594867435,50.00321295534815,0,2
0.0016772382951990472,32.54157136346262,0,2
0.0013637304123274192,52.565769173609105,0,3
0.007012408240106999,92.47925284809465,0,3
0.001948042385235921,59.56561637303858,0,3
0.0020886486376574904,27.09135027236396,0,2
0.001356638921735737,21.606733916188098,0,2
0.0022470462668992696,144.80179903562333,0,3
0.0014568743670674868,32.56555874002633,0,2
0.0010448593737366787,40.274702508824966,0,2
0.007238988446172743,93.89514735844311,0,3
0.0010721180514193835,41.32540383959711,0,2
0.0006881771776475322,25.732343575753724,0,2
0.0021019477763675066,91.71389526703403,0,3
0.0008883704986445952,21.587122576678194,0,2
0.003515315401304969,45.867314182997475,0,3
0.002665635331722638,64.7740967742805,0,3
0.0017834342777764923,114.92620142627898,0,3
0.0014622336432128877,35.531815768240094,0,2
0.0022438736913870175,51.331839706931646,0,3
0.0003816523807946502,4.423608976184116,0,1
0.0002818873355015153,11.109300547815636,0,2
0.0010756557066633672,13.533004156939239,0,2
0.001952491536331061,25.3252898361572,0,2
0.0020006076928800755,36.4649703344182,0,2
0.0001569962887860805,3.0460227088511145,0,1
0.004402851830808048,80.25054685565398,0,3
0.0043603052116257205,61.2707306968342,0,3
0.00195028824467547,22.605158566886388,0,2
0.0032047065069672597,73.3122730369546,0,3
0.0007001778909518258,41.75918356453741,0,2
0.0004537742231405907,8.27091870346876,0,2
0.0011188603299734615,48.81902408582196,0,2
0.0074520135920487784,98.2767439672054,0,3
0.0010834610861470886,24.218639877971928,0,2
0.0011619059923053952,35.527792990405665,0,2
0.0035960032803131203,82.26374981763446,0,3
0.0010867508957011923,35.93511737554861,0,2
0.00308896710733316,38.86281125571226,0,3
0.0007914147548451516,31.189994236202068,0,2
0.0008818084305032226,40.46653776240928,0,2
0.0017661557126987923,58.40069982033618,0,3
0.002942155481351654,29.673750730615648,0,2
6.675401600431123e-05,2.9126655292328683,0,1
0.0006718875227829581,6.794101638926203,0,2
0.0002578438613908694,13.996164644489541,0,2
0.002443409619687398,52.322882848545916,0,3
0.0025351979254138336,116.34123584574375,0,3
0.0005417668153167872,14.991737528009201,0,2
0.0011872841121724125,38.48219761995502,0,2
0.0023347339839291143,30.790342923549662,0,2
0.0003962816317735665,7.223004289209316,0,2
0.001750985192129102,57.899062840347085,0,3
0.001224188064646691,26.214617547135514,0,2
0.004100710305406399,51.591721464120724,0,3
0.00123834040783558,17.401080419141657,0,2
0.0005387841237459697,11.12376825421246,0,2
0.0023201290860114833,138.37440120319653,0,3
0.00021343097805499815,2.549088474402586,0,1
0.0005182852051525224,7.28291064221481,0,2
0.0015737197538768725,68.66582048777359,0,3
0.006695197495404432,117.56290796231715,0,3
0.0021710219003313784,139.90271653263372,0,3
0.000282894179510177,9.052302904565238,0,2
0.0013684828835308037,30.589741116832077,0,2
0.0005140628039367865,30.826355246426754,0,2
0.002894824530164489,64.70810415101074,0,3
0.0005818971932306718,26.703492424393293,0,2
0.0014097200736707088,16.339608202659207,0,2
0.002084016480751806,47.674875973268186,0,3
0.006492149402097679,108.13003178935945,0,3
0.0024763605199014885,32.6581058634308,0,2
0.00111576027031513,30.875248619582102,0,2
0.0008515651638779252,28.158333467153135,0,2
0.0018350415397630376,23.086964194892893,0,2
0.0025639062862757747,95.869667866658,0,3
0.0011538373516087172,25.17756696549619,0,2
0.003608640196927725,70.0143937981378,0,3
0.0007147044416575962,15.975810957129712,0,2
0.00028723430585404737,11.320026938062492,0,2
0.0007799025083499196,9.812083757028653,0,2
0.001621111027558583,31.45259701164485,0,2
0.000531277515757296,31.85865483702141,0,2
0.0022124581305784105,36.849609147129556,0,3
0.0008420379621577414,26.944289570724465,0,2
0.006227115243215157,113.42446448896612,0,3
0.0011211974422611682,41.923851498745115,0,2
0.0009448153765297738,31.241797534396387,0,2
0.0002465627005906015,14.705201645447865,0,2
0.0030365561022313377,30.625848779326578,0,3
0.0036553920912098014,58.21820604487527,0,3
0.0007538388219374156,45.20479432790895,0,2
0.00022995970805006228,13.714985555821684,0,2
0.001085761723689678,19.77672441606095,0,2
0.0008444799246313397,33.281315290859595,0,2
0.0031214091575501464,103.21427375618013,0,3
0.0030784358540110997,134.3208174224842,0,3
0.0013225840949128893,13.373921173065288,0,2
0.0009735067698301454,36.40139703589796,0,2
0.0010430644786436525,45.51183784233158,0,2
0.0022001724795745092,100.96678558369732,0,3
0.002140162211406283,30.073422877139485,0,2
0.0015639632026532822,100.78327656431046,0,3
0.0005166809780050685,16.556146665397442,0,2
0.0018159018067796626,18.31467368301664,0,2
0.0026799685078247922,35.34327677081707,0,3
0.001881890009715951,74.16609078471282,0,3
0.0003114950768498008,4.0403264019166905,0,1
0.0005909158723152939,19.15273786793761,0,2
0.004628014852190615,58.22582806477208,0,3
0.0014173625919652387,25.834192807047582,0,2
0.002832568743222355,105.91550325993282,0,3
0.0015901200515081326,32.82971076870964,0,2
0.0012084675967126202,20.127639023021423,0,2
0.001227359395498926,39.32860513172294,0,2
0.00010178272960172057,6.103516061900209,0,1
0.006086182709194935,72.68962705647782,0,3
0.0015898360638485962,32.82384754302701,0,2
0.0016617130016451024,34.30782296775158,0,2
0.0012195100288157634,22.227944629801023,0,2
0.0007818083935916908,16.141261418483182,0,2
0.0008040570588008136,10.429227312914705,0,2
0.0031317603673005983,70.00433840174067,0,3
0.00569824836049684,127.37312557193384,0,3
0.002797221545324875,89.63211755698507,0,3
0.003636161132681013,43.947348036434384,0,3
0.003465991789286354,133.59863702262885,0,3
0.0010796089471530937,26.234156483843428,0,2
0.0021958234408182065,42.603096653281284,0,3
0.0026309664121437464,114.79646672831866,0,3
0.0018339053836180059,35.581206967231395,0,2
0.0006042401559379527,36.23394176441932,0,2
0.0009721452391860112,12.230721671958035,0,2
0.0012989019450951721,29.034396202381572,0,2
0.005389299880877263,69.90328969807216,0,3
0.00020978639890654888,9.15357081374007,0,2
0.00155167751194191,15.690505284728976,0,2
0.030305476309171978,246.03180700422436,0,3
0.0014457924620027744,18.753020160054188,0,2
0.0006813296598140399,20.360117801527895,0,2
0.003623491965331343,108.28051032912882,0,3
0.00031077989283857235,13.560201096981691,0,2
0.004476011661675235,81.5840272135159,0,3
0.0003950171233856563,12.657639256175923,0,2
0.0013747668187717459,26.67305693486569,0,2
0.008299425497398176,96.19594944231649,0,3
0.055992145400339366,163.13709232770273,0,3
0.001541356769425691,60.7455300270775,0,3
7.697775458658635e-05,1.8705351274872632,0,1
0.005982314991081293,105.04519802154046,0,3
0.0003879196837264892,14.952586206437342,0,2
0.008124834225526756,105.38523614747488,0,3
0.0007582346799802257,24.26267662279764,0,2
0.001783679147404752,25.06414560127732,0,2
0.0017784027038540615,84.4395774030181,0,3
0.0008312987170406679,24.841630719300483,0,2
0.007035890261800079,91.26081051819222,0,3
0.00328614008216766,122.87545762772075,0,3
0.00024601412298165944,11.680891248493143,0,2
0.0007112050667473036,45.830731064727416,0,2
0.00011139831751432576,5.2892558214918255,0,1
0.0014450171523510888,44.18453007067479,0,3
0.005451896125255573,86.83052434201069,0,3
0.0005429112418174966,5.475649727097428,0,2
0.002313890449030021,23.397974153374616,0,2
0.001464097009090844,46.84949556369907,0,3
0.0017040479121236097,78.19943289219069,0,3
0.006000700901708437,75.49582059046678,0,3
0.0012693273693415877,16.561995327376714,0,2
0.0025928452133992634,30.052828010577365,0,2
0.0006445704217846436,14.40810299584261,0,2
0.0024011638438496373,31.144908522298714,0,2
0.09562893951985597,273.2856111230255,0,3
0.0023641016297199645,30.84644756787636,0,2
0.0011758010087020876,25.178462888834943,0,2
0.002293946199435791,108.91787739966965,0,3
0.0006295277124965648,6.4166179679036475,0,2
0.0018411901421565284,24.281513977474138,0,2
0.00025770318151758414,7.879833090248148,0,2
0.0028724899604752776,28.971123927203347,0,2
0.0015634613045633044,50.0984084298334,0,3
0.004886829525596021,49.28718489715229,0,3
0.0007041066769477881,12.363612651379382,0,2
0.0019027286737027564,122.61364578354524,0,3
7.923609940593452e-05,3.122728592865041,0,1
0.004983472509488304,108.74298067523503,0,3
0.0035684039743625485,43.12842189154548,0,3
0.0013758564249584959,14.023759212494614,0,2
0.0009592033762859929,15.976017362871033,0,2
0.006511244012802029,78.69615683664023,0,3
0.00011625191924001567,2.5985828223966263,0,1
0.0013126857892452267,21.863445729493577,0,2
0.0028875300223157605,29.43186877440861,0,2
0.0010910603680470519,47.60603353238753,0,2
0.00032144319847448146,10.285829154355612,0,2
0.002108647925004313,21.267228500263343,0,2
0.0006208999772334004,15.087673371463842,0,2
0.0004706141410819487,25.54566537701266,0,2
0.0010538345500431695,39.40501602568353,0,2
0.0008775672154046756,21.324606205539652,0,2
0.006578470727716654,104.77310086854023,0,3
0.0017394257795845447,56.37818775553232,0,3
0.005655250982797615,68.3504592083756,0,3
0.00042777755918401225,18.6651384500099,0,2
0.0011918474433380542,15.551048739892636,0,2
0.0003499204128875026,9.68297584383164,0,2
0.0006156610392767559,10.254145988531286,0,2
0.0015552907588288467,32.110623172867285,0,2
0.005581041481718267,101.72534714841434,0,3
0.0022669305441401525,22.863622373733314,0,2
0.00722133878066157,73.6052937027221,0,3
0.0005781342699642674,11.216890085062651,0,2
0.002037939653582797,65.21182965799609,0,3
0.0037226957388382213,120.6598417617279,0,3
0.00013181721412270874,1.3329307661501009,0,1
0.0061203971273416525,86.00343002301219,0,3
0.0007807660947754416,46.819518583322136,0,2
0.0013180991349687633,39.388647295027134,0,2
0.002929941682683144,93.75491447113792,0,3
0.00033562384549610163,12.936813194183838,0,2
0.00488631889888311,135.2139118513054,0,3
0.007355251789058857,87.84660845712628,0,3
0.0011449615210160579,27.8222033908869,0,2
0.00040569789914219305,6.757103697728744,0,2
0.0009613023455505327,45.64318511150788,0,2
0.005641805352331331,73.61343979508487,0,3
0.0014118846430245463,14.276924993956909,0,2
0.0033586573591425856,92.94055699099954,0,3
0.0010744760776013015,13.518163046627,0,2
0.0015663602018990681,28.5499643426027,0,2
0.0016248265117492073,39.48277112812923,0,2
0.0034875437194315036,77.9571749087514,0,3
0.001399076804238611,38.71516607824475,0,2
0.0038265207111909693,69.6985755957652,0,3
0.0011795760727276834,76.01300424758928,0,3
0.0008496649462541832,50.674714122646385,0,2
0.0019598566592907846,35.69802121414034,0,2
0.0028898098705107205,111.3893752282271,0,3
0.0010153236474354178,24.67204400149371,0,2
0.06420305690922472,192.6943636912571,0,3
0.002259819970938701,35.99139611009305,0,3
0.0007644027671745103,17.086719197048694,0,2
0.00014086858831170685,2.243566844526215,0,1
0.0018873254254576533,24.889943547392917,0,2
0.003137855489918138,117.3307952955596,0,3
0.0015300253189131357,33.386260959684726,0,2
0.008293439012046374,100.23611093730884,0,3
0.0007304176664145088,28.15436695258872,0,2
0.0007053540085880771,19.518512138655794,0,2
0.0016610179364169495,21.5446571112216,0,2
0.0003044059976790905,6.2847838756493575,0,1
0.00034743257875034756,7.581230582703748,0,2
0.003370562399878815,65.39523762641228,0,3
0.0003316814761472102,7.237530112253579,0,2
0.0015105000839931728,56.480668634473076,0,3
0.0008613879890612445,10.837266203758944,0,2
0.002474398242312395,29.552692388146205,0,2
0.0019112147843041048,24.045312510841935,0,2
0.0022965862489050083,27.756986418778666,0,2
0.0005357784582403958,31.95426658955288,0,2
0.0024993278940851783,30.20736122811577,0,2
0.0006865318142186375,29.955314596610705,0,2
0.0020823849416956716,44.59194335326317,0,3
0.0020999096046833143,34.975056525319886,0,2
0.0007768129144195036,9.388711408402187,0,2
0.0005702857904019976,34.19782997776087,0,2
0.0021598912583609253,28.484526708516547,0,2
0.000865535753900796,41.09613257345981,0,2
0.005508190448865712,106.86923443638327,0,3
0.0006210947857559674,33.71398812592521,0,2
0.001673114843506202,19.392531561078275,0,2
0.0017403982423024726,37.26868086631245,0,2
0.002403673082399883,24.305852802465623,0,2
0.002632488854083909,157.00379390707187,0,3
0.003976299846433466,66.22728501287297,0,3
0.0009360535772291426,36.080720815474976,0,2
0.002702421821463167,32.27606592465072,0,3
0.003710044810605072,118.71735739935679,0,3
0.0004479190850573189,17.265297466963155,0,2
0.0013017867709349948,15.733647163574457,0,2
0.0007811880594827847,18.982623152413762,0,2
0.0007466324654337601,20.660767022299563,0,2
0.0003965818523506099,13.113598957778176,0,2
0.0009606760530822923,30.783199517381004,0,2
0.0005097224703580334,5.908027851270633,0,2
0.002157443345275831,69.92695372201284,0,3
0.0038312865133430856,79.10096346864927,0,3
0.006190670073935949,73.93755994611384,0,3
0.0007479970794038831,16.720002340165355,0,2
0.0031611451672153416,87.47501193316204,0,3
0.005789475538781885,119.5298476114818,0,3
0.0008308627019320187,31.067645375104416,0,2
0.002371995683206532,24.177156650170467,0,2
0.0038465424749361144,70.1107257248925,0,3
0.0006920052968112938,6.997531821602204,0,2
0.0011757980380504764,28.571521016894803,0,2
0.0006621041750152937,21.186606090635728,0,2
0.00379440456004091,122.9840647512588,0,3
0.0022708080975614034,87.52959764991753,0,3
0.0006535565157322649,20.913090385614964,0,2
0.00447080209270434,144.9074302328178,0,3
0.0004703151304753156,28.202976715631884,0,2
0.001077546318639268,13.023433605568115,0,2
0.0006771991959847966,21.94934895597866,0,2
0.0002307926252886695,8.896033818876752,0,2
0.0020320063135585184,25.56501092121313,0,2
0.0017401239306971132,31.71714661345405,0,2
0.0003222659427480913,5.367502267079638,0,1
0.0003223008472356801,4.054920806356598,0,1
0.0016795051076910553,35.9647225275704,0,2
0.0003590195741364612,19.488139229311003,0,2
0.0022405768193560507,25.96979929562231,0,2
0.038391985100705205,113.18459774366504,0,3
0.0013995849048373831,23.31079445015164,0,2
0.0007828820289374177,12.468699973146775,0,2
0.0003392475542727575,11.217750756297779,0,2
0.0027595088206086474,59.091793523636696,0,3
0.0006858445138954009,31.473676096350324,0,2
0.0021567387999041287,129.33127219173838,0,3
0.0006811286915317408,8.834753548370315,0,2
0.002525941167909981,99.54842260113375,0,3
0.0012525621722916413,27.33181407877896,0,2
0.001367932196315181,40.87780454043569,0,2
0.002427357157993749,29.33750896578868,0,2
0.0009402243810302316,21.508985733399076,0,2
0.0036126742432178007,74.58748186586261,0,3
0.0016728925862495316,62.55285439987671,0,3
0.0031700067310504944,150.51373243784295,0,3
0.0012235402389642938,36.56295163639561,0,2
0.001174826261329476,14.780685473766418,0,2
0.001140766695999672,36.55389211906724,0,2
0.0006574669993894795,28.687134952393386,0,2
0.0021114911483570958,35.16795299273809,0,2
0.0009868034338255316,22.058048322856113,0,2
0.0038805817143774232,83.09831507152538,0,3
0.007003358517807334,116.64447816282626,0,3
0.0013165304834847698,40.255771803018355,0,2
0.0023102827576746074,23.54813228959125,0,2
0.0008329223399263562,11.70417158985461,0,2
0.0008519123297254021,14.189030718422925,0,2
0.0011880861471616772,39.28592589102142,0,2
0.0018867811889703367,24.88276618663519,0,2
0.002661027773201301,26.83837592190894,0,2
0.005996320674991374,75.44071222632839,0,3
0.0028331778361055607,51.64018218733968,0,3
0.001051737989897609,13.641836049084949,0,2
0.0003951156000580526,15.229956919489055,0,2
0.0022318240951426857,61.758897180701915,0,3
0.0003045613819646372,14.460748586718033,0,2
0.00035786569539050003,3.609332513989899,0,1
0.0011700390090039058,18.63481957805151,0,2
0.001653237281785765,37.82018188986967,0,2
0.002931812737506649,139.2041454071936,0,3
0.000739354069499122,12.982531804887312,0,2
0.0018806206415777314,74.11606444306037,0,3
0.00027720759963355675,10.685125567185251,0,2
0.00020654792134187572,6.829829932927601,0,1
0.0018064714243724714,25.38442122334464,0,2
0.004101220919402657,84.67404486527352,0,3
0.0016381649088453797,105.56490509880207,0,3
0.0009547944836499966,20.83430738038393,0,2
0.00013763521011488805,1.643830389445302,0,1
0.002293026905286074,28.84895459483809,0,2
0.0009755972520851638,23.706705139764352,0,2
0.006691029594328338,121.95704161901503,0,3
0.002687763544673809,161.17476933168354,0,3
0.001545599721571909,73.3859586700585,0,3
0.0023504760697688476,90.60044523073732,0,3
0.0002985431021166853,17.902473494952336,0,2
0.00665034861930509,80.37740206543839,0,3
0.0007040814563748131,41.99199540730084,0,2
0.0015232933043841173,27.76498628525188,0,2
0.0005311168965194561,17.562210523184593,0,2
0.001951415517460053,32.50181239960782,0,2
0.00032071100332388023,7.16886318642519,0,2
0.007337391902455195,87.63330094426937,0,3
0.0038917415986541113,128.68652024685625,0,3
0.000992148729502498,30.337096900171534,0,2
0.0011948890857872954,47.091090316983646,0,2
0.0005033815008840897,19.40312802482622,0,2
0.002314941014555385,30.529314335844425,0,2
0.0025630919084973047,83.07481615367378,0,3
0.002218716567613313,73.36533201457867,0,3
0.0055207735713924105,96.94085883200566,0,3
0.0008689629166958743,37.91529686361138,0,2
0.00163784748064652,28.759437306476144,0,2
0.0006628484720714884,25.549873688395692,0,2
0.0023857936862277085,24.12505701341266,0,2
0.0010581765722512005,41.70319164172859,0,2
0.0006141436348151133,19.65192150253167,0,2
0.0020623936852055213,27.198734094740164,0,2
0.00037912815646815506,17.398341101996465,0,2
0.00015339025020190503,9.198219182268746,0,2
0.0030242283791501834,62.43839444189052,0,3
0.00020601474629552123,4.495391021536424,0,1
0.0010229793650476525,39.43132505249838,0,2
0.004322232819285666,78.72777743406412,0,3
0.007078014416343113,84.53545560619735,0,3
0.0010862943892883299,23.703730592892587,0,2
0.0006928438511384325,44.64751686401836,0,2
0.0005777882247733987,18.727245164200518,0,2
0.0004113859143812048,24.669219875419245,0,2
0.0006639755620647081,14.218293677935923,0,2
0.0020973534072537864,91.51343001644535,0,3
0.0007569831716300445,25.03083202548389,0,2
0.0007085862077108244,16.2099291828994,0,2
0.0005708495220926182,36.78608624810413,0,2
0.002974215365332641,38.57781955036844,0,3
0.0019127909541030237,31.858500761971108,0,2
0.0007029117575798559,15.712208717487572,0,2
0.0008091363204990367,17.326748886005852,0,2
0.0017582244656343731,56.339256452067744,0,3
0.0011284417589216753,44.472372723886416,0,2
0.002021994284506855,20.393264311654022,0,2
0.003163790094481505,37.786365122656626,0,3
0.00161273813685888,25.685540375780622,0,2
0.001256142866583991,40.25092158831772,0,2
0.0059443618679665714,74.78700979431375,0,3
0.00019666619037034323,4.49902211457506,0,1
0.0004411006250849494,10.09081155877889,0,2
0.0004145593568888181,12.388242931161546,0,2
0.00040565141188936255,5.700187764011314,0,2
0.0013657282167546113,13.810192928344728,0,2
0.0029258840099669722,87.43394956971872,0,3
0.002361692332346136,103.04728103001182,0,3
0.0002463099233872263,15.872445775677372,0,2
0.002545620482576945,25.946870651950707,0,2
0.0005151119367007372,24.457809334184297,0,2
0.0006691819192869911,39.91055839764809,0,2
0.000963319349586708,31.853660332343186,0,2
0.00203646636755193,35.7589015561071,0,2
0.0011716797352711887,21.356144405600855,0,2
0.001099715862141027,13.291379004171041,0,2
0.0007454791826199984,13.587809532028063,0,2
0.005192694497416516,94.58289587076449,0,3
0.00048491087061041787,10.581106513902366,0,2
0.0015852665979270624,16.030156872834855,0,2
0.00024599485948168973,3.917877770136909,0,1
0.0031127194512966146,86.1349785421634,0,3
0.001413801555796998,29.18942888440757,0,2
0.007100747761488308,118.26654527233592,0,3
0.0004477582965392125,26.704671968872585,0,2
0.0010367300188220553,49.224534173639626,0,2
0.02410623629266497,202.00530278703422,0,3
0.007511652863836373,94.50535966300207,0,3
0.018504917343279557,103.28474963135876,0,3
0.0002482705478665339,4.525214111233349,0,1
0.00016496254097244156,6.168284737286563,0,1
0.00442570038225706,96.57198875399742,0,3
0.001983130028631047,36.14640587491726,0,2
0.002802628486810344,180.60404580748977,0,3
0.0009589569352266516,30.685568240165612,0,2
0.003544684494585936,62.242139575195075,0,3
0.0014107178218899384,90.9079984468501,0,3
0.0002916065928670676,4.85685528840644,0,1
0.0014095974828149786,23.477559000373024,0,2
0.00043245791630999616,18.869355599499038,0,2
0.0014519031950023297,18.266636667962235,0,2
0.0006659797542974936,7.719155355282355,0,2
0.0008118974154086552,48.68634330158724,0,2
0.0005983955675567484,13.057424820760417,0,2
0.0009233431878288231,16.21324991277129,0,2
0.000611506495445774,19.567535940360877,0,2
0.0004444041085477059,6.2447381854815065,0,2
0.005453910969494062,105.81611064556587,0,3
0.0004970513080311208,9.05359484046762,0,2
0.0016473437846447512,98.78482615267524,0,3
0.0004158628043569884,9.295794400130482,0,2
0.0017129254257982178,27.28118978492989,0,2
0.0012176466417500185,27.855419168161657,0,2
0.0011495575954833125,35.15021400470143,0,2
0.03684383771765193,105.08777386493665,0,3
0.024644744895085415,132.75828414336047,0,3
0.20545048262039844,563.5804465763691,0,3
0.00078853831426153,37.440250106477485,0,2
0.005461149262594567,95.89389836036476,0,3
0.0011326610450942667,14.778793390457977,0,2
0.0017874655753352753,23.57299735535272,0,2
0.001851848818196671,71.38057246638247,0,3
0.0004136365506097015,6.587850859828579,0,2
0.005990285283977784,109.11069956696457,0,3
0.0012040830469899019,14.380828150047586,0,2
0.003086673126746603,121.64710910792057,0,3
0.00018915987845578044,11.343185243112506,0,2
0.0003687024345212122,11.798072780131463,0,2
0.0026455876868853377,54.62095675815769,0,3
0.0012683205056391238,20.200116071214886,0,2
0.0005520893071394303,13.41559581804639,0,2
0.003700218039631884,71.79117585242287,0,3
0.001163175358152687,43.49349110523015,0,2
0.0041356752141018015,49.98457201641608,0,3
0.008520420408097418,85.93455815386733,0,3
0.000559332571541511,26.557430365099318,0,2
0.0009634236109234187,30.828496954547806,0,2
0.0007841919718686686,46.76985224224023,0,2
0.007931324602716533,111.45046739079828,0,3
0.006719784611169035,67.77385314240775,0,3
0.0033232027316925294,43.36065655211262,0,3
0.0027138598972620597,32.41267527468044,0,3
0.002364865168817722,91.155081288115,0,3
0.0018110468779160734,54.11936387522687,0,3
0.0019816395010949024,20.198354061661036,0,2
0.0008603942266567,55.44462245170985,0,2
0.0014744671530799653,19.124952559749364,0,2
0.0008201454655808142,52.850953999664355,0,2
0.0011837619685864012,13.720601084686294,0,2
0.003770159352842052,80.73374376104074,0,3
0.005819621588528091,124.62068420536902,0,3
0.0002884785971966914,12.587132823918648,0,2
0.003699168584922913,142.58657005196895,0,3
0.002448089424648547,24.952761057870802,0,2
0.0014300675281131246,17.284073252070673,0,2
0.006221732423007849,120.71328816377373,0,3
0.0003682379416847421,8.423972823928173,0,2
0.004203433052067749,125.6108417976313,0,3
0.0023084559349355813,30.120390792242798,0,2
0.00045161850292118857,16.886933859186566,0,2
0.0010831827322926595,19.019918673093734,0,2
0.00047422841349701564,10.600442704618724,0,2
0.0034367030329736344,149.9530224174958,0,3
0.0005984860121987294,10.908572809181495,0,2
0.0001960977491299703,12.636725500111362,0,2
0.0024759280172332496,24.97151196665312,0,2
0.0010663237086057855,19.435825694152015,0,2
0.007524902561609359,89.872813054617,0,3
0.001169726744471119,32.3686055269918,0,2
0.005425278388068927,98.81932031702046,0,3
0.002482727842133782,113.93336296428663,0,3
6.11669279965568e-05,1.982539635489743,0,1
0.014382953852739636,116.9958859746898,0,3
0.006978017270996351,98.05465357542387,0,3
0.000842381037224403,18.03864729409061,0,2
0.0049680316594768814,137.47506226671905,0,3
0.0003469925535059448,7.4304572512619185,0,2
0.00016707810979222048,2.180010405921551,0,1
0.0027283722369334127,56.33013137778368,0,3
0.0010234639219495923,30.58408762388954,0,2
0.00040483169099943977,7.3738506461406,0,2
0.0030246657927616633,39.88912554034652,0,3
0.0012035568411109673,39.009628556164245,0,2
0.0010427035127659923,34.47862179581332,0,2
0.0009445765855707731,30.225412852083867,0,2
0.0006941791231666167,22.243767168627524,0,2
0.0004362444590503198,23.680025737974635,0,2
0.007829446863693901,90.74857951280049,0,3
0.00018163695879983672,6.791775115050827,0,1
0.001220357203575324,29.654294667716133,0,2
0.003500438886281176,112.16549875378442,0,3
0.0003315888573029789,17.999157381743213,0,2
0.0027846570591607287,92.07903915002129,0,3
0.000301040472151191,9.954373853599348,0,2
0.002274953697874057,49.641137888081616,0,3
0.004998196122897865,114.34092889863494,0,3
0.0013318808344415295,23.386880530962635,0,2
0.0024514549364085592,106.96387599037963,0,3
0.0014177988728628832,31.69210298393599,0,2
0.0006670286839341373,19.932762923610063,0,2
0.0005871437464007539,12.57302631971849,0,2
0.0023302846434879784,23.56375163793681,0,2
0.0009501832680571223,21.239476600847507,0,2
0.0008169339502146562,19.851237008928333,0,2
0.0030386865457391905,69.51432751505561,0,3
0.0009695374230552656,21.67210063878997,0,2
0.00027583483007484987,16.54074637594413,0,2
0.004668493883793785,81.97543345955262,0,3
0.00418097268010869,49.934968989884965,0,3
0.019325772662791424,68.9766604806622,0,3
0.0001105247086567175,2.5284117596276072,0,1
0.0029780772917733555,54.24451111518834,0,3
0.003509878219816699,161.06970018716694,0,3
0.0013564873887462608,13.71675001924512,0,2
0.00179713050620969,23.700457930306452,0,2
0.0013956736565823706,28.815159226279505,0,2
0.0018303019665687904,25.71928648217495,0,2
0.002574862650541698,101.47643917141903,0,3
0.005135634596088553,93.60693946207205,0,3
0.0006968525764393347,27.463258309959166,0,2
0.0008146013067631668,10.248635137045854,0,2
0.002573584281716265,82.46604895030224,0,3
0.0019200383972030335,30.579808740966765,0,2
9.028009426929571e-05,3.9391745140410537,0,1
0.005035134190468957,63.347864477688546,0,3
0.002361181546174009,30.626307925005722,0,2
0.053056237443963906,156.8605150546485,0,3
0.007847973861973874,110.27922809869354,0,3
0.0016684432642629372,20.16512858976219,0,2
0.0009690158383520581,31.407696444366472,0,2
0.00082268981189158,10.670908192800068,0,2
0.0010217722180077976,39.38479487902565,0,2
0.0007167173240745523,16.395940170694033,0,2
0.0008952855630354208,9.053094312469948,0,2
0.004886561868665412,111.78713468728564,0,3
0.0009653565777503853,45.83568237487088,0,2
0.0007888227127581352,14.377829757533046,0,2
0.003090179154506901,35.81726443689824,0,3
0.002438646208005184,31.819094173520323,0,2
0.005517027871258041,69.41064938639387,0,3
0.003564766944811416,35.95323442406108,0,3
5.5052183194100854e-05,3.5476150557169928,0,1
0.004580509329410997,80.43048723860706,0,3
0.0004484799111529109,28.900472109944843,0,2
0.0015496933384937955,20.4372702187956,0,2
0.006321872807331735,64.43726279412623,0,3
0.0018827851615760367,86.40175598677507,0,3
0.0029588214744804228,110.63634952399454,0,3
0.00018576859877223918,2.4238811351204514,0,1
0.004545985163433562,101.61654993565145,0,3
0.0011071812452715288,25.328364259963408,0,2
0.0067682867528574145,85.15294642548804,0,3
0.001838576944576708,39.37106791428286,0,3
0.0005710175816919284,5.820238890108131,0,2
0.0007040457496657535,9.893205964345219,0,2
0.0004023295245708974,7.328274664946271,0,2
0.0007696252304100967,14.018422047283478,0,2
0.00048296873188114853,5.8372536794172385,0,2
0.0005323564923657882,11.61640435488484,0,2
0.004522359647022794,54.01228518176296,0,3
0.0003584637566663354,16.450043619242013,0,2
0.00046667333208469006,14.269548178808133,0,2
0.00641429383038821,112.63043931755392,0,3
5.506739137756769e-05,2.9891433990534937,0,1
0.0004142495949375521,7.273928369775265,0,2
0.0007223604309755732,31.51861794874583,0,2
0.0017822584572037726,81.78854574984265,0,3
0.0015466817486143676,28.172202090299567,0,2
0.001998619963330896,77.03795024921338,0,3
0.002050885691054913,32.66376978366899,0,2
0.00022024491219384967,14.19279165894539,0,2
0.0014705933751670353,14.98938916788093,0,2
0.0014902040339799145,36.2114874310504,0,2
0.0035022703124063977,41.828964890452674,0,3
0.0017373476629480376,39.74432789687681,0,3
0.0004586647113721495,18.07617259656183,0,2
0.0004436143099013653,9.916124680049334,0,2
0.0003744116747290296,11.44844811977505,0,2
0.0013790895816468028,41.21121976232822,0,2
0.0037178235714968775,120.50192529965716,0,3
0.0003842501001240085,8.589154623975716,0,2
0.000346086006494159,11.217323603396503,0,2
0.0013862969175444844,30.250003110814102,0,2
0.0038955045406505124,64.8815983316763,0,3
0.0006222301635307321,17.21831428196361,0,2
0.0006045912122789132,22.60689441987082,0,2
0.005673213259543378,74.02324551191774,0,3
0.0026453960849632204,170.47184025857032,0,3
0.0002275366914259841,10.441748794200945,0,2
0.002336064881349471,30.300525812989854,0,2
0.0014335215392044796,23.87602625947389,0,2
0.0036881140404962107,44.57526094731681,0,3
0.0003362152534232931,5.599835091438526,0,1
0.003981030497358491,127.56522418953992,0,3
0.0008094202389844647,24.749777420311542,0,2
0.0002813054913141716,9.013947039353603,0,2
0.0009448053674686854,56.656318397823455,0,3
0.001809701037780802,25.429803544946598,0,2
0.0007008889997821462,45.165953895903016,0,2
0.0004139562028214611,4.219351676220049,0,1
0.0018470306516035317,18.826319844359,0,2
0.005555087228504615,121.21602797815936,0,3
0.004308306736987487,52.07103005319816,0,3
0.0013482428759591446,41.225446907993586,0,2
0.0033728976967077624,100.79202255221861,0,3
0.001667561764819743,35.70896920449244,0,2
0.002204773377299114,132.21171974707616,0,3
0.0008813600534085635,16.064502958707273,0,2
0.0015897209919851793,18.98665083726054,0,2
0.003751013382953902,91.14844066538596,0,3
0.000966992155342545,45.91334053429254,0,2
0.000515250080636938,16.70026173473218,0,2
0.001720089847826038,24.170592819857454,0,2
0.002224156805923478,83.16574416492371,0,3
0.0024121728867886206,30.347950094018927,0,2
0.00031227349612217016,9.99240875460914,0,2
0.006010886144977218,75.62396283769513,0,3
0.0008080573231296122,48.19320136110934,0,2
0.0013454818874221715,40.20692381895482,0,2
0.04969405439482709,179.15920462136376,0,3
0.0023855715517265012,31.12658392713241,0,2
0.0004452288689989326,10.818920916914477,0,2
0.004906325046605438,58.598132014144,0,3
0.0036252455751370196,47.80953856366143,0,3
0.004582805484079303,46.3411585934766,0,3
0.0005059659981378387,30.17622702272116,0,2
0.000665720496833306,21.577301891052112,0,2
0.00048599554453724356,19.153292429962804,0,2
0.0007987019134210414,18.271455630822818,0,2
0.000979777746659748,46.520407721793234,0,2
0.0008290209168904471,36.17251503615728,0,2
0.005730399256628082,118.3101552652589,0,3
0.0005149388881293663,8.576567619502859,0,2
0.0013976786388863096,29.929724059824068,0,2
0.005019664719682875,109.53272092288144,0,3
0.0011831922489793408,27.06722535239886,0,2
0.0006600787895188135,10.512853892327504,0,2
0.00016243371110412984,2.142166817148109,0,1
0.0017457762856303448,20.234726772683114,0,2
0.0006333574824193252,34.37962631703813,0,2
0.00043642037193933905,19.04224868688956,0,2
0.0023408964726089757,23.671058059291898,0,2
0.0007900609587640609,37.51254613821997,0,2
5.7172237899838474e-05,1.8319852987687009,0,1
0.0032369140184390906,103.72130098436268,0,3
0.006073322227995292,85.34193654023005,0,3
0.00011624856681169658,2.536627949739824,0,1
0.0011129253153729934,11.253859392802976,0,2
0.0017639516751547426,65.95773883590795,0,3
0.006537181735202329,66.63185265538203,0,3
0.001005984099490911,46.165008342232525,0,2
0.00046876142505195733,10.038001376964743,0,2
0.00016683391009830414,7.656074142079488,0,1
0.0009960057419084601,22.263747806073496,0,2
0.0009906606920616922,43.22531319685266,0,2
0.0013133639289922233,15.87357093918522,0,2
0.003329478773412819,53.02749374511923,0,3
0.0004206012050858016,9.401712021276191,0,2
0.001690493598881216,100.82242444757972,0,3
0.002883109552135587,79.78122773141652,0,3
0.0021876364651854416,26.12778590252275,0,2
9.310322484461842e-05,5.583039779709633,0,1
0.0048227557178324425,57.60003129451037,0,3
0.001135200274340343,33.92309578920212,0,2
0.0012657952639631112,40.56021593721834,0,2
0.0011288601946216267,34.51734613232357,0,2
0.005692413093133533,117.5258907315489,0,3
0.004020157115000413,150.3218465705718,0,3
0.000791435629114147,26.17005639462371,0,2
0.0002706847458219488,10.667801693520733,0,2
0.0033719759200602625,73.57895756710437,0,3
0.00069217799937244,14.822217314564936,0,2
0.00020871717785549916,11.329492079590063,0,2
0.005984507676929925,116.11068278219442,0,3
0.0045468097854185745,125.819036835841,0,3
0.0003590719826164167,21.532156013632836,0,2
0.00016363278429352415,3.9762249843920325,0,1
0.0058238996371168346,75.54037676589759,0,3
0.002728382371094946,75.49962682669207,0,3
0.0006553220216965963,20.998658681348203,0,2
0.0012104912394805254,40.02678529631165,0,2
0.0010518109873424114,31.431180631528367,0,2
0.0020930229965385196,34.86035658366776,0,2
0.0005051041711473021,23.179430257905707,0,2
0.0001178946615745475,5.216037051262216,0,1
0.0019566728692144825,91.11466335367906,0,3
0.0017217397207590739,33.55845683892122,0,2
0.003777235824058943,68.04407230237778,0,3
0.00704161434421689,93.53706224287986,0,3
0.0016952079176211921,17.50949061064475,0,2
0.0004978022089625542,7.8275002670459335,0,2
0.0003377024959990438,22.180249429391264,0,2
0.0010448333099117098,18.821888967252278,0,2
0.0006323530075729045,21.93290057127613,0,2
0.003963061494842663,125.71620662262883,0,3
0.0008436904943835708,46.23228229530414,0,2
0.0005536715945205539,41.10048267521528,0,2
0.0007661780658615581,25.914967975771795,0,2
0.0028288635932419365,62.87571412234902,0,3
0.000372186907302424,18.06738883143226,0,2
0.0010252245600878237,50.4937713802033,0,2
0.0009014384717828175,31.26601777165771,0,2
0.0015611055551212848,95.68238703233608,0,3
0.0007895705936110057,15.389533253780396,0,2
0.0019202742769777496,60.91492602141369,0,3
0.0010529011768837175,46.58371699443204,0,2
0.0022291024591439643,32.5544116263832,0,2
0.0009321082828688704,29.568331865730705,0,2
0.0035094094652802265,111.32546038831879,0,3
0.0006203652594955415,24.714482994554068,0,2
0.003722893269779978,133.95039603555202,0,3
0.0032833718066830444,79.1269218038317,0,3
0.0006123020950557244,44.90801538905003,0,2
0.003786823863419241,68.51170193283788,0,3
7.390177044108495e-05,2.3288381696294045,0,1
0.0012888159730915798,24.106043909765628,0,2
0.0012622776881352595,43.78157563205559,0,2
0.001553913562722905,16.050087221413115,0,2
0.0009797240944497188,15.405296466881234,0,2
0.000993331723542809,46.25560409874105,0,2
4.948942290144492e-05,1.4956545869963669,0,1
0.00040483561134450685,13.69303347472829,0,2
0.002099209325303766,115.03180226688177,0,3
0.0006131661197440679,17.830725502442515,0,2
0.0008828105543317991,54.10871856723603,0,2
0.001163762489995348,41.87239201606492,0,2
0.003963284565881959,53.5688103999674,0,3
0.0008640288805392072,34.421700358034464,0,2
0.0010284960792592427,47.89307170181469,0,2
0.003597157715208129,159.1497670137941,0,3
0.002509764847195477,91.92596149040612,0,3
0.0007238454025034825,35.13824931581582,0,2
0.00036510464592510837,8.114995504474033,0,2
0.0005468205101787269,17.231745172541604,0,2
0.0008561718925799231,39.86860297021414,0,2
0.0019938455368571626,33.88204655742201,0,2
0.0028909500817751203,39.06628851749265,0,3
0.0005276447618258065,39.16844318312702,0,2
0.00026324125751345755,12.778746545499052,0,2
0.0006215789247020106,8.399585230434457,0,2
0.00061992293260335,8.379043565303679,0,2
0.0006984617717525529,25.130785161476606,0,2
0.000495798884794916,30.99359663358761,0,2
0.0007779741495027623,23.511702845789927,0,2
0.0012048110442745132,33.284779489322716,0,2
0.005798027918736647,92.5755956604435,0,3
0.0008329825244088833,14.155134964982288,0,2
0.004207711247965155,145.94271131638456,0,3
0.0005556431338487925,40.752482487309884,0,2
0.00031464344712398023,23.356801532481526,0,2
0.0012682808679761232,28.1894346097908,0,2
0.002431914583966167,32.87040561731878,0,2
0.0018871389236134368,30.131453728078764,0,2
0.000535630223622297,8.422312402307528,0,2
0.0024436738479690066,181.40026623417168,0,3
0.0007090864627487519,52.00646223232337,0,2
0.0003715422439582234,27.24998810895721,0,2
0.0004371408946941039,13.775453483636884,0,2
0.0009700923107842191,23.378533695660522,0,2
0.0003999477312749559,26.26850717272397,0,2
0.0006964519670509516,19.2405690986629,0,2
0.0010264414342087186,20.00638665197743,0,2
0.004345089798256134,78.61192066660999,0,3
0.0015210401029439836,54.7273073416216,0,3
0.006676898234731402,104.9883302533315,0,3
0.0014422922473121612,107.06510521743985,0,3
0.004434483849483464,69.7283436897198,0,3
0.002076204662463401,33.15021694176661,0,2
0.0010834783250158054,28.31871815298521,0,2
0.0009655345314609683,13.047562051467619,0,2
0.0035751829350895597,64.40424094782838,0,3
0.0012068149375917057,16.3080576300469,0,2
0.001998615550589988,71.91056125553759,0,3
0.0015248691560610242,95.32328730731983,0,3
0.0010012525943473502,48.604664983163076,0,2
0.0075689521898442205,102.28155508032849,0,3
0.00014548713874264275,4.230731528575996,0,1
0.0006327327717858824,41.22239282254459,0,2
0.00033440812960562947,4.518958855819087,0,1
0.0003332333884740965,6.232805041581959,0,2
0.0014363725148626237,14.836027369237014,0,2
0.00041750680403141127,30.992616084516328,0,2
0.0015196890141254034,25.824555100974397,0,2
0.0012459422325475813,34.42109255543283,0,2
0.0011391594148435534,33.126485915556735,0,2
0.001006060992320462,24.245353300285323,0,2
0.000592256787949982,43.96476195152403,0,2
0.003934106788782216,57.45475326125125,0,3
0.006040713820499387,81.63000476934255,0,3
0.0007629236229321567,37.57507622875594,0,2
0.0024456387732707994,59.500240721924584,0,3
0.0023780757754254898,32.14270593314687,0,2
0.000269000401949478,3.5732583624339744,0,1
0.0010406314432866485,16.615490141730767,0,2
0.00044629003547475254,29.075691943696615,0,2
0.0003601460475859051,23.654338540889576,0,2
0.0008978189866817316,23.46616655747852,0,2
0.0012605689327849807,42.637090488411815,0,2
0.0022266498944732765,145.0657224047121,0,3
0.0007756434927078784,18.870724096670564,0,2
0.003909379623452436,123.19478183442827,0,3
0.0058879632492356395,87.69561888234126,0,3
0.0003588274946672342,23.377527765714955,0,2
0.0011593453183320716,42.4637125689951,0,2
0.0014968654581865408,23.90005935765758,0,2
0.001814276668866615,24.09988695858551,0,2
0.0012476606462062361,32.60992802045244,0,2
0.005682652675817019,82.9909875068544,0,3
0.002258712451110035,29.88556460618508,0,2
0.0050798711796611815,79.8764896970312,0,3
0.000603524678494166,9.48989276670175,0,2
0.0010634005010608353,19.889867682775655,0,2
0.004070602447269676,64.00662988106184,0,3
0.00027811754310088553,11.079813358735302,0,2
0.0006355550013032094,20.161070921522878,0,2
0.002860576356235121,83.1848827656938,0,3
0.0005534248031095462,12.300691978101023,0,2
0.0008791314199575145,35.023364374378396,0,2
0.0010463744221379033,15.28153338751315,0,2
0.0010660689397754897,51.75110053074956,0,3
0.0026598442603494045,163.02565007829782,0,3
0.0015448559928163009,37.58498779864565,0,2
0.0003520918574061434,4.757924452864434,0,1
0.00026161631893554025,19.420459872561878,0,2
0.0045899194339669965,67.03241745230478,0,3
0.0006072083474050659,33.273609121087624,0,2
0.0006950004844868286,21.00409747467621,0,2
0.00012461400027994913,2.244827815867148,0,1
0.00098584178708093,73.18160023273305,0,3
0.0003785418064020972,12.00810030600813,0,2
0.0007988294820446173,12.560888383881718,0,2
0.004368314698448088,114.17401704560116,0,3
0.0008990126309177084,21.87218674167275,0,2
0.0011472511644742302,38.80426562992827,0,2
0.0025193964570740697,184.77985912346702,0,3
0.00018263562166691275,11.41699782404765,0,2
0.0013936798463463768,21.914385217751015,0,2
0.00024024752808290612,13.165007325575262,0,2
0.0014587748289488168,22.937946352133764,0,2
8.18071966244575e-05,2.76702110798034,0,1
0.000751654288898194,14.058959286234739,0,2
0.0002141830407851578,13.953975259180435,0,2
0.00015957726016301902,3.8456983034598595,0,1
0.006211965694099092,97.67767650283456,0,3
0.001264058510712697,38.20199951703301,0,2
0.0006750937956867957,12.213883342606723,0,2
0.00016264667954121598,10.167440335365042,0,2
0.004263736686882645,135.25422277957915,0,3
0.004217133589047548,56.018161137898595,0,3
0.0008272883331374568,12.321673777099065,0,2
0.001241188849224034,44.658206900005,0,2
0.000991650709856209,34.39499165852243,0,2
0.00043476488673331365,15.642921926612486,0,2
0.001623864177532762,21.57054863031653,0,2
0.007046619006886405,93.23550126178333,0,3
0.005731202171085762,107.19653858768591,0,3
0.004264677968531492,72.47101884831086,0,3
0.0004412798686663717,21.421427820942515,0,2
0.0012749479697866746,16.869141488930488,0,2
0.0022039973912414343,69.45372512528036,0,3
0.0017124477961477655,83.12882473695072,0,3
0.0009388003890583696,12.689076246961886,0,2
0.0062033555226318525,82.40207760194484,0,3
0.0004498767692504751,32.99526988363123,0,2
0.003410463957148782,53.62653490623765,0,3
0.003380547016543253,157.41895756303805,0,3
0.00221642966264837,135.84813667195945,0,3
0.0027392748022204896,66.64414709030879,0,3
0.0006549678058127428,48.61996393176186,0,2
0.0004201057693966727,19.562695611394147,0,2
0.03503600048337088,114.60952501493952,0,3
0.0006232023331087291,21.615513240498334,0,2
0.0007832747246388594,8.090300484122753,0,2
0.0018993831390010545,123.74436945225136,0,3
0.001772802340053867,34.55371918027622,0,2
0.0018039322796739666,18.632484537656826,0,2
0.0015391427422626939,20.445154114686638,0,2
0.0036333991306906704,144.7495320755102,0,3
0.00297605077099831,118.5616941712318,0,3
0.00036467777852402123,13.12117466680556,0,2
0.0007961173422035419,28.64445084810017,0,2
0.0036817873913680367,111.26988106551987,0,3
0.0010148046367899777,63.437911094884875,0,3
0.0008539834366902229,18.981056053332086,0,2
0.0017141450162862133,31.012530991980512,0,2
0.004961374653264921,51.245125747840575,0,3
0.00016351965842581034,2.9456840872671792,0,1
0.0004961892226998329,17.85298102116781,0,2
0.0006966962762646507,9.254543031154398,0,2
0.0020633258022872045,91.28813544072216,0,3
0.0028739283285014175,157.48460681286588,0,3
0.005152562649941564,93.22082283075223,0,3
0.003299692364763208,104.67281611943574,0,3
0.006730045971013533,89.04684771648353,0,3
0.003935211293427957,40.64607324974578,0,3
0.0012939960749607047,19.272842207316913,0,2
0.00037599548362467645,27.911122791222628,0,2
0.0009220964974309944,25.474350298099054,0,2
0.0006780715545701507,23.518629323326397,0,2
0.00046434007162462153,8.400899996942018,0,2
0.0006543193515222319,40.10416671038835,0,2
0.0037068312101953883,133.37248012805955,0,3
0.0024735888176476576,115.1854333657069,0,3
0.000970813312483595,13.118895826391874,0,2
0.0005017876812200782,13.86266535257904,0,2
0.0005031173545257689,17.450415796788878,0,2
0.0003917032820864394,13.248849665071171,0,2
0.001636498205049992,39.814562234490005,0,2
0.00030313090837485985,19.74890813133326,0,2
0.0010538679785861186,25.639681174640465,0,2
0.00023884735853179072,11.763572963406737,0,2
0.0003463900279325006,18.981370137818516,0,2
0.001966165897501529,30.916222971014392,0,2
0.0012416509691060397,54.93461173810234,0,3
0.0010694339439672386,66.85292222732166,0,3
0.0010476115920190188,38.371205562328406,0,2
0.00044612419160338973,20.774272578427286,0,2
0.004133200150109702,61.560089590489575,0,3
0.00029185190829101584,7.628091621660819,0,2
0.004152424056168447,114.71717470763356,0,3
0.007262013177725671,98.13379477125575,0,3
0.00017338895879681447,11.388160881187797,0,2
0.0026348145058355497,173.0542226723022,0,3
0.0054729930626915705,131.89523441209053,0,3
0.0007160355259404312,22.564153113897454,0,2
0.0014688435045731784,19.848929422353287,0,2
0.004891864794275585,108.72899388463016,0,3
0.0019638653542853692,35.37756242487738,0,2
0.0026045134265927834,95.3963480768946,0,3
0.0029816634334022796,163.3882406881415,0,3
0.002126435141020881,138.5367545408078,0,3
0.0003971845395097233,19.561904888463943,0,2
0.001104180978588028,20.993629496521926,0,2
0.0018458403921430353,85.95362494204443,0,3
0.0016049406697378151,21.319178810848463,0,2
0.0003300344700666664,14.60178095488146,0,2
0.0020761082289924527,30.921659715157,0,2
0.000993236763147896,14.793317986870173,0,2
0.001126975028029317,39.08865924580646,0,2
0.000378698475697446,7.083185089509493,0,2
0.0002513840053701381,8.502734206392054,0,2
0.0009173382407602836,14.646899816755417,0,2
0.0013737625377372106,14.189340437672625,0,2
0.002184151060300861,66.0087622871954,0,3
0.0003350301641439298,10.627824320955606,0,2
0.0044871345746453715,76.2512941735687,0,3
0.0008134256473230682,52.99449161016617,0,2
0.0011449340705211872,38.725892966619966,0,2
0.00124193916167297,18.497503939289352,0,2
0.0017808999654750546,60.23660507879692,0,3
0.002907954303705766,115.84882629681326,0,3
0.0002706627626967167,5.146071041566042,0,1
0.0024111413479785174,58.10678903654813,0,3
0.0007139641277847238,15.868917999244545,0,2
0.0034166465515098826,165.85720919930694,0,3
0.003218305951762876,111.62560089480294,0,3
0.0025394756879001646,40.547144264837826,0,3
0.003774363151739904,138.2448089211868,0,3
0.001604561646118128,25.619616229039142,0,2
0.0010943753780645838,20.469222502037265,0,2
0.0062108016087470555,82.50098745221172,0,3
0.0023091188493365414,151.66258066549335,0,3
0.0037097562709398216,82.45486820659683,0,3
0.0010636925380487529,33.74244660858952,0,2
0.0014411192839112804,106.97803309307287,0,3
0.0011522157994700653,36.55058083467539,0,2
0.002177783877803711,28.814779298899097,0,2
0.0003707085813743029,27.51866228485477,0,2
0.0008928276204409969,28.322270990701984,0,2
0.0010513096779400492,38.50665654067194,0,2
0.0009677509761958067,25.29396897419758,0,2
0.007613671301448256,100.73830578029799,0,3
0.001240826522519657,54.898135583169406,0,3
0.0022425510328492326,104.4269001867094,0,3
0.001095085310237846,14.801464891246422,0,2
0.00390616796081115,155.61626020103228,0,3
0.00044572881313557195,29.275401782169553,0,2
0.007810795574784508,105.57279455037686,0,3
0.00030655564388697956,16.7985382812173,0,2
0.0014519475828747267,90.7647820453372,0,3
0.0007762479515241574,42.536587368140495,0,2
0.0009414498979807337,43.839668791087625,0,2
0.0007035744273655945,24.403185839395285,0,2
0.000624659926992733,12.175256774437072,0,2
0.00623761066950749,116.66841490991179,0,3
0.002673218031285689,167.10937421646943,0,3
0.00015623191905416207,9.57567724789984,0,2
0.0017192794452504647,17.75812098962508,0,2
0.0018154998298672213,28.98761105103706,0,2
0.0004658814010704503,6.938860869749684,0,2
0.0020808654894462365,30.389519066154833,0,2
0.0021168883891811018,38.134157706552344,0,3
0.0010641003987494988,32.15892506129595,0,2
0.0031911346929303372,70.92772983396301,0,3
0.0035940945887222783,56.513964475252436,0,3
0.0013167569062771446,38.29097889340833,0,2
0.0006233866785432291,19.77506747940237,0,2
0.0007866995451025591,21.73379884549179,0,2
0.0009940381437798028,34.47779880933785,0,2
0.006924687738741525,71.52382529765609,0,3
0.0010101957988491806,14.75317104607586,0,2
0.0002925063697150662,14.406355772808011,0,2
3.071722117656339e-05,1.8827023166575465,0,1
0.055181907694254725,195.7900089698992,0,3
0.0014288205036168912,87.57444746661432,0,3
0.00043281700884155786,13.080466626031777,0,2
0.005499331704187892,133.79390439221663,0,3
0.0013592203086297086,83.30855220255431,0,3
0.0011535863752434733,18.139127343563217,0,2
0.0023039450550560573,73.08572752795762,0,3
0.004856876901091846,107.95133575547204,0,3
0.00041641880280250524,12.109360135433421,0,2
0.0007527626791689999,13.560455463663883,0,2
0.0005460032471074741,33.46531811334867,0,2
0.0014480558027446515,88.7534063972179,0,3
0.005332446962710859,83.84802090696886,0,3
0.0019255480925254788,94.83598906101042,0,3
0.0005215173704225577,32.6013218504355,0,2
0.04308450715843797,220.7135957492088,0,3
0.0006196089296496987,45.995182578453104,0,2
0.0057886060959849795,76.5904315869414,0,3
0.04195702711236414,188.0134632526573,0,3
0.05216943011216521,201.2999332468666,0,3
0.0017715654933895153,97.07768019224318,0,3
0.0002754500700334856,6.638150485435895,0,1
0.0004981718326472061,30.53366246989933,0,2
0.001634551049637615,31.85906103513363,0,2
0.003438630221744496,123.72255840944774,0,3
0.0003393172277644541,15.800686698473815,0,2
0.0006991045156379252,25.15391120666676,0,2
0.0006763645777206383,20.440888655426164,0,2
0.0008418525890737864,11.182722338123394,0,2
0.0002885286445810107,18.79757404362748,0,2
0.0020786583508080538,135.42410777779182,0,3
0.00039514480237379663,13.36525457407172,0,2
0.00044478726166976814,15.044345636861443,0,2
0.0016486456646556528,29.699115975841803,0,2
0.0006798250326346745,11.55248136369508,0,2
0.0034262276443697737,103.54643056962767,0,3
0.0019450797266719676,35.19063132475097,0,2
0.001112783124724274,60.977934323287414,0,3
0.0002779658880714529,9.64113100161821,0,2
0.000405856691613366,19.70185010097377,0,2
0.0015109329781016123,20.417697291012413,0,2
0.004777218558123381,144.37567525833467,0,3
0.00016673048196712235,9.136443708741897,0,2
0.0010249417452015128,13.853385773093839,0,2
0.0010609507997293214,10.958365562782665,0,2
0.001303677502638157,41.355247831560085,0,2
0.0005321737788948835,34.953094204265675,0,2
0.0006453614274527161,11.625702412080349,0,2
0.0006338405561001942,28.04313427814299,0,2
0.00013766372562659237,8.60569499851209,0,1
0.0037571460822583996,130.3150462907106,0,3
0.0036591748966273065,69.57135065032581,0,3
0.0002722708189642926,6.051625188981886,0,1
0.0010528012371538887,49.024868597540916,0,2
0.0055296079153365,105.13361675914322,0,3
0.00012423456542781213,1.6788195020884347,0,1
0.0006448128411913122,47.86613449275667,0,2
0.00040774485038040686,5.511188060938653,0,1
0.0001571420127961132,2.1235078560550575,0,1
0.0002990946582010001,4.368058802495315,0,1
0.0019971031616530317,31.402684137814425,0,2
0.0007352140587264594,45.06231874449668,0,2
0.0013529524811157821,40.888526592817755,0,2
0.0027299084804622287,42.92540084215743,0,3
0.003558205689590164,56.81293981557152,0,3
0.00244447009572577,33.03286854865667,0,2
0.0024094561746511953,70.06641475609074,0,3
0.001022216125006482,30.89311102520369,0,2
0.0007806013518260764,57.94606885108365,0,2
0.0015275420918599394,15.77770115203235,0,2
0.0007389840524260266,32.69501897936848,0,2
0.0008006239826623586,27.080055924074063,0,2
0.0030990557297690393,104.8214945983698,0,3
0.0012180420249709523,44.61361565658072,0,2
0.0031036466569604273,56.15157248811825,0,3
0.0011890777297631032,31.078754704817577,0,2
0.0002917270313762086,21.396108424636978,0,2
0.00028315510353753114,11.280502710435549,0,2
0.00027456776854333897,10.938395312521166,0,2
0.0013320941506707758,42.256680524502194,0,2
0.004381280642487036,97.3804993018752,0,3
0.002427512377008835,32.24578416313265,0,2
0.0027706449443435826,61.58171778634074,0,3
0.001234627804273384,23.092507140984136,0,2
0.0004246588277694218,26.546458288670546,0,2
0.003194235327250364,148.74314510819895,0,3
0.0004864823527915069,15.432189498292846,0,2
0.0007883295247237366,51.777365278862064,0,2
0.0024151937148818416,112.46620001110591,0,3
0.001970400704847617,87.17683180098481,0,3
0.00045174623323826794,4.666003707898621,0,1
0.0016874586220086865,78.5784004504081,0,3
0.0005540389668387853,40.63482821607071,0,2
0.002212668778260581,34.79226315370112,0,2
0.0006494213273971443,30.241031370892898,0,2
0.005976314391672702,93.97226780945724,0,3
0.002112066495744978,71.43787852812488,0,3
0.008056217567438566,108.866120460993,0,3
0.0024060410674579926,31.96057069932761,0,2
0.023172145089506466,80.443980592243,0,3
0.00022446643198646032,6.783757597978687,0,1
0.0006568974452957388,30.589165173042627,0,2
0.002761760853969841,53.8295256245285,0,3
0.0016800546006601733,61.53589835105292,0,3
0.005071108860744479,94.85013797204203,0,3
0.0006231697562378411,16.28769886846281,0,2
0.00019000378832376033,11.87759987922542,0,2
0.0007890263855042432,14.213718953359354,0,2
0.00041333487470691525,7.478107447225606,0,2
0.0007698809195031405,18.730525758057766,0,2
0.0013344687108023956,24.959933776771287,0,2
0.00016127056333912926,5.593602289276709,0,1
0.0006323715422644879,25.192796482904825,0,2
0.002274477199316659,30.094151759807826,0,2
0.001888941665526124,32.09938195939368,0,2
0.005299202818096035,83.32528608143934,0,3
0.0011031589156268319,48.807280164262075,0,2
0.00021830520899446666,13.380237761411818,0,2
0.002966110721912162,50.404055738795215,0,3
0.0028660810818800426,90.91780229898849,0,3
0.0011012548672635358,53.45916124123703,0,3
0.0017777680006368533,130.38667248638893,0,3
0.00018804703167311015,11.755278252049052,0,2
0.0001191582377580782,8.739411506480083,0,1
0.0008746907081405169,11.822552714572883,0,2
0.00010672983866155662,1.6782324899003143,0,1
0.0013460163621243737,42.416497769291276,0,2
0.0016407848633420172,16.947364898513214,0,2
0.0025034181943067164,72.7988080279695,0,3
0.0062545079926374,118.916034623573,0,3
0.002461238080180177,59.314084598835585,0,3
0.0001690399255156876,5.3268903895351025,0,1
0.001109511812724907,38.48295489975374,0,2
0.00019138851421496804,14.03698992875568,0,2
0.0028085725016899752,37.160894433092054,0,3
0.0010697117016154555,47.32746839658065,0,2
0.0006610437775714413,30.782243778770308,0,2
0.0005767640967493534,15.934005476535562,0,2
0.0009607387624050301,46.637967228912366,0,2
0.0006429714221023451,8.507308650876265,0,2
0.0016595420847026231,31.040113716144,0,2
0.0007932332814338672,43.46734405260251,0,2
0.0003338241745654441,14.769449607685221,0,2
0.005499075717642534,56.7989410882414,0,3
0.001602150656194912,105.22901547629264,0,3
0.00012382061669870227,1.9770114091522835,0,1
0.002121349694428168,33.87103586223823,0,2
0.0031511303363243297,58.93881503548934,0,3
0.00012346844037222648,2.975501466720527,0,1
0.0008904656589215085,28.247344865330195,0,2
0.0010852415163006073,18.441851638770462,0,2
0.0005377686990175342,33.61723200812158,0,2
0.00038182906355215717,28.004453357988766,0,2
0.0013662151340837635,30.366169795353144,0,2
0.0003802189118264369,27.886360150303805,0,2
0.0017957772023801028,28.672705015191884,0,2
0.03643430401429155,111.78659110096605,0,3
0.0008979579488140354,43.590344252265055,0,2
0.00010450218756172866,4.866261391579711,0,1
0.002567972294850291,26.52411324751997,0,2
0.002090935893005232,50.87063156164147,0,3
0.002380326915138275,34.76293423969781,0,3
0.0011286079983793007,44.962161817611246,0,2
0.00047571255784836466,16.49989184339051,0,2
0.0036702247477829386,132.05537276497418,0,3
0.0014991553839354414,69.80984929635686,0,3
0.004213337006029729,116.39998971319969,0,3
0.0009904695824423458,27.363263143331093,0,2
0.00011088047112099006,6.796022291588144,0,1
0.0009581483320497371,33.232975644475154,0,2
0.0003029301393778551,5.480650847274681,0,1
0.00021055034196520555,7.1215891088978625,0,1
0.0003737009565759268,6.731942640900703,0,2
0.0005207433470218771,32.55293576123408,0,2
0.0023339999781317763,30.881711881037347,0,2
0.0016476837812395605,21.886955585541703,0,2
0.0013129000447067278,96.29190539778965,0,3
0.004341909069124758,131.21988163996082,0,3
0.09905713819599249,299.65613220137226,0,3
0.0012463742529108743,55.14358492654536,0,3
0.0457433338607702,183.93060042757855,0,3
0.005810693698478665,92.77782685362767,0,3
0.000494983582452604,16.742170337867446,0,2
0.002307122032347479,30.52608335257043,0,2
0.0013847441749325307,40.268032559649704,0,2
0.005943873270399493,88.52834553163301,0,3
0.003768789496228049,73.45753723355405,0,3
0.002517054929888866,34.021185222543956,0,3
0.003788012234903856,136.2933885780925,0,3
0.0008830004904201559,14.0986379360038,0,2
0.0003582091361496252,5.33518477514754,0,1
0.04968228441320805,240.97912634364678,0,3
0.0008204510501162574,53.8871022624485,0,2
0.0039321581069485054,76.64175747636746,0,3
0.001315889074814133,24.612419833499658,0,2
0.001311791251648438,19.1577521252439,0,2
0.0007098841145627258,17.270856253502625,0,2
0.0011019341590554619,20.950911049340778,0,2
0.004421184446513516,82.6939366255469,0,3
0.0007222146330589981,9.555794525863472,0,2
0.002087534167128762,127.94794782914049,0,3
0.024114889048657176,83.02065898174274,0,3
0.0008524231643674826,39.69403924295293,0,2
0.0011742723975920076,43.01045148549018,0,2
0.0010268118095186915,35.61453974896945,0,2
0.006308278623421154,99.19211228960931,0,3
0.005116627244226441,95.70151487442914,0,3
0.0010598475808881612,15.478299020274573,0,2
0.0016005049747610713,30.43016416605967,0,2
0.0005083350063060948,9.664898227235227,0,2
0.0007656768625836876,30.50349372406154,0,2
0.005022957228616737,121.04969137024547,0,3
0.005241367105410077,102.15957131214866,0,3
0.0015005425013390097,19.93240903076507,0,2
0.0008257165555082213,30.243784938042676,0,2
0.004862086511208309,118.29028922403492,0,3
0.00020779564199800438,15.425211024812956,0,2
0.0037612855972166824,67.7567409206353,0,3
0.0013457307981243356,39.133532804378426,0,2
0.000424943784192626,26.56427160917165,0,2
0.0038507802111917163,50.95059387892961,0,3
0.0006443341009398403,9.59674429969508,0,2
0.003518637016018766,110.8814597954456,0,3
0.002300573351029027,31.0951625107613,0,2
0.0010668500744620546,27.88410794442195,0,2
8.714215345861352e-05,1.6568208642559428,0,1
0.08511186202586142,277.3784216409398,0,3
0.0003429144477691846,5.008014790670034,0,1
0.0032856482133940173,64.04062264907856,0,3
0.0008398096730034662,15.707819639064132,0,2
0.00809789040168984,83.64161969782785,0,3
0.0014340596996848631,41.70211633654654,0,2
0.0005299974068020324,19.069405807366454,0,2
0.0012894059270966906,28.658970568065943,0,2
0.0005314582686632146,24.747949438895148,0,2
0.00026990159705111034,14.789981527452596,0,2
0.0018110478517909374,32.62466965536371,0,2
0.002695463474601277,48.766670118105054,0,3
0.0009520087214060233,69.8230867681756,0,3
0.001196043136578725,87.72128009550065,0,3
0.0008272141323527784,32.95505235659391,0,2
0.005517519674674302,80.57934076076249,0,3
0.0016644618337475418,28.284725321792237,0,2
0.0004933634440911692,18.07058100004003,0,2
0.0002384848593137804,8.73506138147611,0,2
0.002020339737371195,20.867717342574533,0,2
0.00038504375244301003,25.289616072126766,0,2
0.000608545865969923,44.632522629916785,0,2
0.0008621215454149009,20.77651515755634,0,2
0.0005845133562617074,28.788116212535616,0,2
0.0009229290239762765,20.513474599970934,0,2
0.003566668445349884,86.7739068389853,0,3
0.004432510656025889,140.6080693461653,0,3
0.0001367657107616293,4.743661688600241,0,1
0.0019505084441561612,35.28884837618225,0,2
0.0008653399710222011,47.418623402814234,0,2
0.0034002674566048206,115.00958611740666,0,3
0.0056358605024764965,74.86377538487005,0,3
0.0022004146619037834,137.55328329527788,0,3
0.00225906149542848,32.9919414470225,0,2
0.002823477728257404,55.03245022285235,0,3
0.00042100664664700116,27.42848504590786,0,2
0.0004351663961754194,19.25315375268256,0,2
0.00028303693142756205,13.73970495314059,0,2
0.0016066336201328104,23.929281429026208,0,2
0.002640328051251651,91.5786782542933,0,3
0.0005182736967191098,15.663113173923646,0,2
0.0027858170086842798,152.65631084613932,0,3
0.0003387276029991902,21.174687999472795,0,2
0.0026869040270272693,40.01888285532357,0,3
0.0009078514244461654,13.258506286143774,0,2
0.006572713808910712,118.40251296668269,0,3
0.001011567240978682,40.29942198140656,0,2
0.002214307685666036,29.922613835523077,0,2
0.0009125187860521484,23.850373113036692,0,2
0.0077499904548790025,104.7509363452897,0,3
0.002430475203833519,89.02179430899702,0,3
0.0026220015587423316,47.2333928698931,0,3
0.0009986222745403982,33.77708840503791,0,2
0.0010555831937314184,31.901520630069317,0,2
0.001643989446374917,42.968717235477996,0,3
0.0007774990555333587,47.65402653572575,0,2
0.001155487692418675,27.84643033640099,0,2
0.0012073539025840175,22.95524102800688,0,2
0.0016730428554977248,22.223812049323445,0,2
0.0013885134675750133,20.27822399405209,0,2
0.007247909767090193,96.27738099174303,0,3
0.0007649520765574524,56.784382440902675,0,2
0.002008482485780409,31.581613963842077,0,2
0.0005617919177976313,35.11898196267975,0,2
0.005609960793860142,101.49612858328534,0,3
0.0024538565657815014,82.99847927368809,0,3
0.003728645330187397,117.49937131578362,0,3
0.0005333255044495168,16.118004420471465,0,2
0.0017433661162643832,52.687491098804806,0,3
0.0024312780997043097,32.861802726413714,0,2
0.0023423491084855375,30.992181221422026,0,2
0.002195957774063564,29.055242466555967,0,2
0.001126060948316256,55.46010727599545,0,3
0.0007339085575981001,25.455312506522713,0,2
0.0002449959099161065,3.3114300093520668,0,1
0.000733185529783868,29.2090845358286,0,2
0.0009403743452570196,32.61649231884646,0,2
0.0012489090285661224,45.74419129078189,0,2
0.0001918416497155816,10.51247746026559,0,2
9.924377062830687e-05,4.621397318386752,0,1
0.004670778965686427,63.131493253584374,0,3
0.0047703940930945606,76.167635080915,0,3
0.0010125941548139402,18.31998302950012,0,2
0.0003818118174002277,28.342884376864966,0,2
0.00047274914781301943,6.904155657267147,0,2
0.002208472604782551,145.05215037614974,0,3
0.0021354999940532537,40.60194527377894,0,3
0.0005982781057917397,10.777531661678825,0,2
0.0015769250992917834,24.795755048058385,0,2
0.0006026310412122755,44.734869756755415,0,2
0.000181300784816142,5.0087162402135785,0,1
0.0009209953250911503,50.46840772264438,0,2
0.00035648897928333386,8.591130474552177,0,2
0.0018316603896237466,24.751784438687675,0,2
0.0003896907186849827,15.524732393795135,0,2
0.0008623122786306785,47.25271288197745,0,2
0.001812018185608915,23.97524595350069,0,2
0.00010310754452203498,2.998342968412293,0,1
0.0006058988202099275,13.467005301209586,0,2
0.006054140584124052,109.06080499687336,0,3
0.002654938780523297,123.63019747349031,0,3
0.0007884719976216975,36.71608154711365,0,2
0.0011717607820844046,22.27851429671556,0,2
9.33575874925128e-05,3.2380690208252476,0,1
0.0002819046317148412,20.67570508335829,0,2
0.0010234204915363523,10.570721916190026,0,2
0.0006583233090955202,20.745490142223392,0,2
0.06703909352264649,249.59864183218477,0,3
0.017435697872934697,93.24939945282071,0,3
0.0017435975353189716,32.61228881772373,0,2
0.0006791534468655132,21.54410048032957,0,2
0.0005349029396681155,23.66581756014237,0,2
0.0012783617797584284,23.028729320110745,0,2
0.000546525928709252,40.08380016200387,0,2
0.0012644267316302765,50.37298990944,0,3
0.0004890924096698888,11.899188231999071,0,2
0.007962965694653665,105.7758038723677,0,3
0.00035470882542715823,12.302927805638788,0,2
0.0008204677129675649,12.90113046251925,0,2
0.00301024415114646,56.30367655405792,0,3
0.0004031766586698056,16.061993353075007,0,2
0.0011824097278789398,15.978262601769066,0,2
0.0030842357513682834,110.97137909280057,0,3
0.16762407553257927,404.04917856661507,0,3
0.044358446929919755,304.07199370013507,0,3
0.0016233151317120945,21.941159930496198,0,2
0.0014032836250942706,22.405862699252935,0,2
0.0007622983968045912,50.067644690428295,0,2
0.00020436939641789632,9.04195601075446,0,2
0.0016933610615668087,53.71678672654528,0,3
0.0014151160219630086,31.453064990289292,0,2
0.0007287022960512305,22.963316185957638,0,2
0.0009869053979673222,45.956355051736736,0,2
0.0006134736472833595,8.117016537925695,0,2
0.0022044646717914265,74.56312562139799,0,3
0.00107242451577717,47.44749197518641,0,2
0.001394862456192621,21.932980713553615,0,2
0.004557404251497539,119.11622367294949,0,3
0.0038842915114441585,70.27509909373683,0,3
0.0014410007209472346,37.663229925857486,0,2
0.0047674478073361755,81.0147454164679,0,3
0.0022731095805111436,71.63163105902606,0,3
0.004499184841168015,59.52979060252451,0,3
0.0011931263915609608,21.5861953592472,0,2
0.00019864443169840342,8.788665253605446,0,2
0.005158468338562559,92.92594080649599,0,3
0.0002538350771880402,16.67184990535414,0,2
0.006600939635383652,103.7939483362282,0,3
0.0008293658999463355,54.47262826595562,0,2
0.0026958091070513517,125.53336999729272,0,3
0.0007999850731556379,37.25220080237864,0,2
0.0032064291580563326,51.19621592211274,0,3
0.0027591334195998978,101.05966411971102,0,3
0.00040091332146127695,11.658464411295752,0,2
0.0005240259086920085,11.64725768550163,0,2
0.0008950336992894731,39.59915466291201,0,2
0.0042793605690952035,118.22399335939552,0,3
0.034872021460958226,156.38107042591716,0,3
0.0003499484964832349,21.44884269487566,0,2
0.0014116004265085395,21.024447296493147,0,2
0.0017399724569942385,113.35880062001384,0,3
0.000491221995962289,36.464686529955685,0,2
0.0004995449096445149,16.896451246408553,0,2
0.0004774615640722614,21.124427310728997,0,2
0.0012221390633242125,36.93512247351209,0,2
0.006014506025897057,81.27585086270952,0,3
0.0008398289117550331,55.15983731667059,0,2
0.00034330524292819895,18.812331074218076,0,2
0.00044951146665969384,19.887825570300276,0,2
0.0011262393023781499,39.063140908166666,0,2
0.0011083917460804021,19.966846557282025,0,2
0.00033848909117881307,7.52342508890728,0,2
0.0012173443134404105,27.057293686129444,0,2
0.039833023251072804,117.90736328677349,0,3
0.0007858458472255048,31.306997821555562,0,2
0.005787081460605044,59.773699405374686,0,3
0.0005374036155575601,21.409407304189383,0,2
0.00032715991137263355,23.994858833963935,0,2
0.0016983630731405694,30.594737826107757,0,2
0.0002359876124712786,15.499631092079062,0,2
0.0025109713258820395,39.482807368106336,0,3
0.000542257470673302,17.087951857356657,0,2
0.000480773361184506,16.675423698308705,0,2
0.0015080325032856895,41.661744032916424,0,2
0.0008245763641361312,45.18487228972561,0,2
0.0016987430426323763,27.12338595982353,0,2
0.00041684892681781595,27.37857516818413,0,2
0.0003607044545258183,23.499811263666736,0,2
0.0007319267168494991,13.916014322029998,0,2
0.0015986261161651692,23.81001726476087,0,2
0.002682121768933563,90.71925032319186,0,3
0.004183817727524432,71.09693524965653,0,3
0.0003130712111508324,20.5624703244916,0,2
0.00032531942350708007,10.251666316831999,0,2
0.0004965978815803769,24.10677765214281,0,2
0.0014695807370374815,28.64362199498989,0,2
0.00013850531118412334,10.28160953006419,0,2
0.002317183585265063,31.312807184266212,0,2
0.0010303553952259877,41.04791573010822,0,2
0.0002828595330219412,10.360386778396855,0,2
0.00014761594264021082,9.047591759255791,0,1
0.0004666209090023443,34.22333376210761,0,2
0.0005403904379627081,14.929126564039883,0,2
0.0025983226720695195,44.15411731694815,0,3
0.0005713457004548698,31.308419245540087,0,2
0.0031138099828779244,144.9980488824101,0,3
0.00018978827134180184,5.980725059910781,0,1
0.0026550529558327495,117.46803804114519,0,3
0.003122312416736486,124.3885532691946,0,3
0.00032061882797989276,9.32351956270919,0,2
0.0004018580504714737,11.685936907104951,0,2
0.005399523482720548,100.99281269306807,0,3
0.0013092840910042046,20.90499671824053,0,2
0.00028271625103466687,20.986762717553106,0,2
0.001402410869271327,20.481185384859018,0,2
0.00737061417707361,99.6013531357397,0,3
0.0009059725914750316,31.42328182385111,0,2
0.004047901434828324,73.23515076459255,0,3
8.820670191562443e-05,1.5958469387761163,0,1
0.004435958119181637,139.78864816321703,0,3
0.002057242476940234,30.044522240270513,0,2
0.0006747358489265733,29.85247288394347,0,2
0.0012223056584871363,59.33543380880532,0,3
0.0014801268087874398,51.33758160590769,0,3
0.0011782194808126294,37.37546941661261,0,2
0.002081335363706392,32.72716115337572,0,2
0.030094347333073458,131.7271623624863,0,3
0.0017518099502006519,27.970691396576452,0,2
0.0014612440681568018,42.4926313317043,0,2
0.09041008113831278,363.4808578762669,0,3
0.0014936926297656262,25.38279033589084,0,2
0.0009365361117982928,45.46307716512001,0,2
0.0003222246508226756,15.642028086590498,0,2
0.0016310687285737847,39.30759455259946,0,2
0.006243724857834686,98.17706131500645,0,3
0.0011147129467595823,14.80725430094408,0,2
0.0007088105923311593,34.408401607418575,0,2
0.0006850303516246355,37.53807445738875,0,2
0.003814415226468127,137.2433731519899,0,3
0.0010951969506351807,39.40539108798609,0,2
0.0006805534532260408,49.91376837893192,0,2
0.0006533370663517783,8.678582332631724,0,2
0.0021575909735952756,72.97768427064189,0,3
0.0013042080170063237,57.702335698691854,0,3
0.0034847545992538215,120.86726120602737,0,3
0.004135370495408022,55.89476968400189,0,3
0.0011951594690987669,34.7549542268251,0,2
4.957199053382827e-05,3.098865943526728,0,1
0.0018594171030971423,36.241928932398146,0,2
0.00653690822761212,118.26658017521186,0,3
0.0016094688785596911,51.05555953472122,0,3
0.0006582629627565239,20.74358847116987,0,2
3.589994851189023e-05,2.338873290361287,0,1
0.0007284793034932623,54.07691362314639,0,2
0.00041790956560802873,12.629938320276068,0,2
0.0006253312202125416,30.79845421144691,0,2
0.0009740634426248507,38.80532318644719,0,2
0.0005429112677600545,7.18338881963268,0,2
0.0005689424976055689,20.8388392177809,0,2
0.0016192809888660076,25.46176401905945,0,2
0.0006208676952492103,40.77849736508242,0,2
0.0024047108905950396,111.97805555890058,0,3
0.00019690940398969645,12.309286744646949,0,2
0.002192475597946356,29.009168961595307,0,2
0.0014059399410697956,22.44827540183788,0,2
0.00048357120647209606,16.772465796269234,0,2
0.0005087415274195415,7.577221733507933,0,2
0.0013459259002908015,26.233463565202474,0,2
0.0007471487234013337,23.70104612587761,0,2
0.0015179174478006118,28.85993974120224,0,2
0.0025362648461354563,80.45537417509429,0,3
0.00019404552861411396,3.051194630516999,0,1
0.002292284580993916,55.769268079555324,0,3
0.001229490901731332,45.03295733528784,0,2
0.001078846948556251,38.81711495570144,0,2
0.0011372054722685117,33.06966572836562,0,2
0.0002705863378395015,12.600155840178173,0,2
0.00011736657786703583,8.712426369733759,0,1
0.00030720686445985637,18.829147079650674,0,2
0.00039308152219277745,5.311830271192056,0,1
0.0004352767601944332,28.58891250823681,0,2
0.002861406359083179,178.87348523361578,0,3
0.002934048217388171,30.305244082169867,0,2
0.0017711472533668742,27.84972695802106,0,2
0.0006546440589972431,22.142476508206723,0,2
0.0005110211727126457,33.56379419386526,0,2
0.0015794309344088233,28.575266583435752,0,2
0.0013093976388854126,29.103316190897317,0,2
0.0016747278258199072,26.739941272683517,0,2
0.0015228916941609069,28.484201636017133,0,2
0.0002957844544283261,16.208302080829018,0,2
0.0013694350585630082,35.79272843478147,0,2
0.00340770095187109,115.26101434324184,0,3
0.0009361122415405866,28.290905125158595,0,2
0.0016179850915312727,35.96213274912845,0,2
0.0004572319858803381,6.81003604765765,0,2
0.0003116491608056677,14.512292176190218,0,2
0.0001010510265772673,4.905406808153439,0,1
0.0024685471717996775,135.2706596384046,0,3
0.0012850223248152954,18.766811520720353,0,2
0.0011971149390779389,12.36477989971942,0,2
0.0014870124305141627,26.787414408166775,0,2
0.0015723188284096617,77.43894415844426,0,3
0.0004297682072573636,7.741952139080156,0,2
0.0004377714334115882,8.188087063311809,0,2
0.0009007862091344852,41.946118582343686,0,2
0.001531148850867361,113.66116203368561,0,3
0.006098772219823779,90.8354182253613,0,3
0.0005122888543589287,7.630055798219182,0,2
0.0004890459919439909,11.78566005965739,0,2
0.02900310279282026,141.17123021854385,0,3
0.0022829990724385556,23.58067727707847,0,2
4.45640775255953e-05,2.1633123056496566,0,1
0.0026645305347363967,27.521445537613694,0,2
0.00021431254538184703,4.008506828943022,0,1
0.007851055297753843,104.28924564171979,0,3
0.00017933918123222434,6.452657277539361,0,1
0.0007529972192704454,20.802719661805607,0,2
0.00016885470524933543,10.555519152379697,0,2
0.0045379589779322126,131.96277203089332,0,3
0.0008501942304545325,20.489075362807004,0,2
0.0010187549259499285,14.878170839448876,0,2
0.0007203128310259297,19.89976258763868,0,2
0.0007969273434120222,26.95502195082566,0,2
0.0006899369343152139,45.314954656729306,0,2
0.0013247415534069036,40.035944344784006,0,2
0.0008329785973799839,41.02538360679178,0,2
0.0004146639804742191,14.025465167306368,0,2
0.0010835494078024431,24.08350228168825,0,2
0.002113688815641535,132.13183927998827,0,3
0.0021956211624279214,120.31494733039173,0,3
0.002868268109167024,133.56411656066138,0,3
0.0003617577058366819,9.994119430228025,0,2
0.0015178370285396608,29.58418615579599,0,2
0.0006703618034846649,43.67391548011307,0,2
0.0020497868242271454,150.33732366747364,0,3
0.0007428390357177116,55.142873898790974,0,2
0.0008877994545011138,21.395334476225965,0,2
0.004109584998446365,113.5336790909674,0,3
0.0045076155523371365,136.22781358140188,0,3
0.0012365306481834854,29.799507843645536,0,2
0.0004787995811204949,8.136392413210768,0,2
0.0017370309631395367,52.49603198946401,0,3
0.00034692300796090305,15.348983908954848,0,2
0.0026640807934841127,73.59937657797117,0,3
0.0016279173552765465,24.246282443901777,0,2
0.002914730331923427,88.0881112612739,0,3
0.0011213824551033302,11.582553009855088,0,2
0.0018922777019486404,30.213503258025163,0,2
0.00458124290754076,73.14750756205035,0,3
0.002803416802941594,53.30094869098296,0,3
0.0020966843074324147,131.068846028997,0,3
0.0009328560954490826,12.391564547316129,0,2
0.005421856089139569,131.90899080815154,0,3
0.000644375837843976,31.280489956749307,0,2
0.006973743432120233,118.50702337707764,0,3
0.0025689996564254025,168.73151320651542,0,3
0.000503334980267095,13.905411895971662,0,2
0.00020114790479683296,3.6391936342695885,0,1
0.0035805169343950884,158.41352562573203,0,3
0.0008192951111508906,53.376885812516875,0,2
0.0009625505160255291,23.418007612766175,0,2
0.000716824115019445,31.714592444166183,0,2
0.0005833662897990584,9.314457005605139,0,2
0.0019249668017969498,26.012662390704136,0,2
0.0009463094272212019,41.86775693166884,0,2
0.004457535754690004,70.09081454844932,0,3
0.0022678577286596893,33.12040400207276,0,2
0.0029977325944659998,109.79891257356255,0,3
0.002690339251873116,93.31329590858552,0,3
0.0004072353336913414,6.4034161074992255,0,2
0.0016474580406650654,21.883956967734036,0,2
0.0002503050837058675,11.655736529290333,0,2
0.0037531903476330686,103.687722399362,0,3
0.007632530370284325,78.8350015740179,0,3
0.0007779353432139428,21.491674133364707,0,2
0.00010849846445810909,3.974008033736519,0,1
0.002394258819074095,31.804061574207626,0,2
0.000725874256063174,32.11499964134355,0,2
0.0007488043519695683,14.594957776363827,0,2
0.004380498619580982,127.38386211256822,0,3
0.005132321370854915,74.95380116796306,0,3
0.0019806311789848986,26.76487206498384,0,2
0.0001702863360929674,12.489294848994383,0,2
0.0066697142393135215,88.24858414617486,0,3
0.0014420554667788999,19.080180744983064,0,2
0.00014866554799225485,4.323158916586137,0,1
0.00057100338198262,8.504552906877654,0,2
0.04720437083576254,192.36292217416263,0,3
0.0005457172600766904,21.740611256934727,0,2
0.0012483899047979411,22.48880845685426,0,2
0.002348418927543981,70.97321680563975,0,3
0.002025596420797081,32.342168380557176,0,2
0.0036119147709851446,53.796039102813985,0,3
0.0007291920818648965,54.129825015756275,0,2
0.006469217363526391,121.00039189683773,0,3
0.0004130331938223173,25.315393811047244,0,2
0.003040672668070353,111.37169241266176,0,3
0.0005877127806324812,32.20529727860844,0,2
0.0014333132954296739,25.93168756050479,0,2
0.001388038492330685,61.41126415632434,0,3
0.0007803293648325383,13.260383204535913,0,2
0.0008025126290060443,35.50572647731393,0,2
0.0004223520017764736,19.66729393762425,0,2
0.0009207827514143695,22.401834629273207,0,2
0.001574647353357464,25.141982538775235,0,2
0.001847366174511561,27.514764124440788,0,2
0.0007009823629398556,16.893175638929865,0,2
0.0038202588500176266,56.89912622782225,0,3
0.022854739079493522,99.0418646444003,0,3
0.001965976754177785,35.41559771142838,0,2
0.0014080075476843963,26.335405890682335,0,2
0.0012119602417622857,40.9929652813285,0,2
0.0007108079331012018,12.860028087008667,0,2
0.002368330806160575,155.55161313377317,0,3
0.0004399503900299441,11.498920475748468,0,2
0.0008047590590759889,39.06611046940705,0,2
0.0020192826480848348,94.03015782093284,0,3
0.0017588618185960002,25.68689088364831,0,2
0.00036474107765913305,9.533185425646979,0,2
0.0022081096159852005,135.33818914000628,0,3
0.0015032427384387625,47.371112310296986,0,3
9.931382365456593e-05,1.8882390279472239,0,1
0.002208420056818274,32.25236026218007,0,2
0.0015211283935292934,29.648338204223506,0,2
0.0006155849529065641,37.73008014868806,0,2
0.0006062395202193385,21.027165143696923,0,2
0.0005513365780248009,34.46539319206311,0,2
0.0018578664922176257,64.43932512460901,0,3
0.002414607868287666,177.09435943986986,0,3
0.007108078718178199,111.7682627015193,0,3
0.0013709313761855265,33.353554820847634,0,2
0.0022442856358967167,75.91001749357984,0,3
0.001464202869187813,27.8386724092827,0,2
0.001425596663102878,34.6835131803013,0,2
0.001210046548960171,56.34717263445716,0,3
0.002542586491323779,139.32784262668923,0,3
0.0005889164490083395,23.461606434997957,0,2
0.0013329507226785698,62.070343119061306,0,3
0.000976319173382037,47.39430050596223,0,2
0.0006120517429441413,20.701847291956714,0,2
0.0017832252702054516,132.37345034388335,0,3
0.0006023250912776682,8.796517573212931,0,2
0.0006911225426759117,34.03877065000557,0,2
0.00018625943136403098,7.420314852519134,0,1
0.0012468247975507417,34.44547478670036,0,2
0.00019887344282581195,9.260764575498758,0,2
0.0021244282918154046,33.9201910217022,0,2
0.0007259582770049691,44.495018675608215,0,2
0.0037932026095716027,60.56507418790679,0,3
0.001930074124263937,50.44607158025321,0,3
0.001209269538664678,21.784084381986514,0,2
0.0018055194332951537,23.983560495833963,0,2
0.0021089877929076984,154.67929478601275,0,3
0.0020848747897642705,28.179723273466408,0,2
0.005067259634613579,112.33316452691507,0,3
0.0006376778031370481,39.045550043110914,0,2
0.0008583751614142681,16.17684640491812,0,2
0.0006506538377338224,40.871625336287586,0,2
0.0003815348793857345,23.36170265447723,0,2
0.004744119177420103,118.11046243466492,0,3
0.0008819140361874302,16.620457519110495,0,2
0.00021262866166693085,13.01943239810648,0,2
0.0007546756829724669,37.29127046866494,0,2
0.008506211167570906,96.37033888171386,0,3
0.0016614029608200984,95.77628736958025,0,3
0.0022784645577307544,33.54403840384448,0,2
0.0004292574947908635,19.82866342451861,0,2
0.004820830775181021,56.511290123120375,0,3
0.0010163517753842255,11.071992395392266,0,2
0.005326726293140311,129.26612504211647,0,3
0.00035040459655912736,3.8172580816779362,0,1
0.0028630291943556197,140.6588802477758,0,3
0.0003428571138652284,15.837576270736244,0,2
0.0006711463915974355,17.2752967048073,0,2
0.0016313079817761313,21.19453534214777,0,2
0.00011476890345349223,7.209350579634428,0,1
0.0009906257025483077,11.612425138077011,0,2
0.0006341273717147628,32.411494934532264,0,2
0.0014023462520674206,78.98494523025346,0,3
0.000639437626446441,33.98866997173628,0,2
0.004851345104936811,99.02669706672751,0,3
0.0010388160919323286,19.577416865673122,0,2
0.0009656334306556596,22.604884646090184,0,2
0.0007485384922067173,14.726037931112895,0,2
0.0007814110490623689,38.39024882842333,0,2
0.0006441199821876302,9.482870973733494,0,2
0.0013307252977249268,32.293324880225256,0,2
0.0006392724314535778,13.98309747671989,0,2
0.0016159515448664888,16.739891368615524,0,2
0.0011048046243177347,15.940076955901997,0,2
0.001245015419297425,78.20718299711675,0,3
0.001192354567533691,15.504218184457285,0,2
0.0007631712534583788,8.31387962251431,0,2
0.0005852678118218476,10.802150642886517,0,2
0.008749897952192139,104.17369269250283,0,3
0.0004545247419828415,9.94202699821658,0,2
0.004110179621913476,78.94103495963269,0,3
0.00018166416008657087,13.094328440350496,0,2
0.002438480567439513,149.31022305734913,0,3
0.0007133948697841171,41.12567129572273,0,2
0.0008197698041217384,50.1951969367631,0,2
0.001712242222371057,19.01672992282539,0,2
0.0028235950857035,143.19507309657314,0,3
0.04370787148766987,297.37174312989066,0,3
0.0033992796617781968,69.38682572168445,0,3
0.0008888538239121797,18.143474944213484,0,2
0.009438846097526724,102.8254534937824,0,3
0.0017178085218265136,135.9497994353236,0,3
0.0024403806091348756,25.625751755931617,0,2
0.0006594181190154313,13.460184113804232,0,2
0.003438173020643818,44.6699706079502,0,3
0.0014279848684365527,17.00116477550285,0,2
0.0020256320216531934,22.06694855344601,0,2
0.008567068646290124,107.62539072786004,0,3
0.0027356553913966963,34.160660900168956,0,3
0.001351932048738524,32.80795889320071,0,2
0.000638260775731786,7.970086434944037,0,2
0.0014533234270846826,18.882096503555715,0,2
0.0013670920262947826,69.33035250918415,0,3
0.00042389439741114156,21.497271166766076,0,2
0.0005511556363811614,31.042973651288072,0,2
0.006248078884897793,65.60932251982986,0,3
0.0032213067259337634,59.45490221333424,0,3
0.00015383162448705947,1.7085050340651806,0,1
0.00408339484245306,47.86683486529423,0,3
0.005311519036022151,58.991491780939114,0,3
0.0028667354258042916,30.10278400697437,0,2
0.0013989932478670735,36.01006240591112,0,2
0.0009096445464233315,21.294219305231255,0,2
0.0019588045876426487,21.75513331472982,0,2
0.006308874103632221,66.24771604639878,0,3
0.005771164530732644,110.84228498176043,0,3
0.003173352597112674,162.19628140112312,0,3
0.00020692948087530074,11.654977284935635,0,2
0.0018181573003052624,20.193057901141827,0,2
0.003032585063593641,73.59314116367803,0,3
0.006441092378056653,66.72426970128875,0,3
0.0005069204350083334,9.736027975126644,0,2
0.007700296297974526,87.23980031844488,0,3
0.004661438435303286,60.56307133047527,0,3
0.005317001969736983,102.11953660994496,0,3
0.001936297921579397,153.24135998921204,0,3
0.001223293028059512,15.367845823972102,0,2
0.00421298747467219,49.38596033944636,0,3
9.73009701564358e-05,1.2150161373485182,0,1
0.003538759132605246,113.22439264980021,0,3
0.0008317593362777527,41.89688321634105,0,2
0.0005068528261205898,7.461994792413745,0,2
0.002701173025516573,155.71678275999383,0,3
0.0008772025721584385,44.18592268199479,0,2
0.0024549477846007297,25.431182859653696,0,2
0.0013325787519984254,14.516924322595008,0,2
0.0015000674287181472,17.859358382364558,0,2
0.0004737134551384526,5.915352041680268,0,2
0.002254139895322345,24.556280988168854,0,2
0.003017056643339414,39.198676381695215,0,3
0.0017458616201555112,32.22295817678479,0,2
0.0004534647274735783,32.68567710231581,0,2
0.0011387271920452894,22.402241164396496,0,2
0.00032565389609524685,7.623357396382358,0,2
0.004548108726040262,57.13646043035292,0,3
0.0015185655282699193,19.72974516022504,0,2
0.0006114842950869999,11.523967567216232,0,2
0.04063912696393567,321.06064634757183,0,3
0.001624514133250381,39.42283412456494,0,2
0.004395587646733291,64.71277349002746,0,3
0.005668237828009602,60.791579066239294,0,3
0.0056111193543260576,114.53537204365418,0,3
0.0018073292759521636,96.06678704844782,0,3
0.0003715484700971989,3.9848395360618674,0,1
0.0008311371072205416,42.481049300451204,0,2
0.00452928571227898,48.57637220707125,0,3
0.0049946973520170225,92.18595679158486,0,3
0.0002503254155093846,3.125862146527199,0,1
0.002018211994268284,22.865147595238415,0,2
0.0003811963029245008,19.483691435507627,0,2
0.005140184925822007,112.43360941235072,0,3
0.005588412987853964,58.68235610474602,0,3
0.004795976060394172,62.31103215803942,0,3
0.007475372932633199,80.17301645992727,0,3
0.004796474670326149,112.28252169873295,0,3
0.0008019365406130166,40.98855101240856,0,2
0.0005283248136139014,29.757063496663182,0,2
0.005368991588242733,101.1834407337691,0,3
0.005055395562383119,125.860056489544,0,3
0.00020851381254858027,11.083343966865844,0,2
0.0033908485995105507,49.92079216579376,0,3
0.0035766055729371626,70.36275339218925,0,3
0.0007839377311367294,8.881550589741899,0,2
0.008551667445139379,89.79865936818385,0,3
0.00029290792072708753,6.856794255213615,0,2
0.001312017583610396,24.726142932243985,0,2
0.0006607593663851123,16.034952459990738,0,2
0.0003500380673837279,19.71534315440827,0,2
0.0009439693753175775,59.29660350776705,0,3
4.1303348315136846e-05,2.59452089508932,0,1
0.0011603659909313999,13.602174027787592,0,2
0.0003470139308864943,20.004602585652545,0,2
0.0021650525506733483,25.37942494326803,0,2
0.0005936738210935989,29.335582863049396,0,2
0.00043966843988764643,11.317058164792563,0,2
0.0029403315524150894,65.67481522200593,0,3
3.132881937876083e-05,2.47940713820615,0,1
8.604913570234358e-05,4.846582119458965,0,1
0.005980546698227816,122.07620224258137,0,3
0.002703351783267907,28.993318322724328,0,2
0.0009052993879710656,21.192501818590635,0,2
0.000664813795854918,15.562882030943994,0,2
0.0006871036113923494,43.16126293798456,0,2
0.0005793957862191473,6.084072513323311,0,2
0.0004892153826453802,28.20220872288232,0,2
0.005705603398510647,62.156035901597384,0,3
0.00029972788625514974,6.556084767283318,0,2
0.0020912802347659827,26.114223001820715,0,2
0.0004420571894952995,21.84365362238458,0,2
0.00037215233309916153,3.855183435696083,0,1
0.002533181060020651,155.1088141389167,0,3
0.0003076922273098508,16.3550737935484,0,2
0.0009627569536468369,19.65200148318711,0,2
0.0007077836119982285,7.860879504848067,0,2
0.00015284834422316156,12.096634448562083,0,2
0.002203926862320746,134.94830174542977,0,3
0.005391700316169239,103.55420986502531,0,3
0.0002746801857473271,13.572947068787965,0,2
0.0013053165943231885,25.67956341623373,0,2
0.003374452417830479,171.131109796415,0,3
0.0018291119166388154,22.840476227108223,0,2
0.0003750563796280969,22.965018646900518,0,2
0.002326109717220621,24.94741524295217,0,2
0.0006049834908673842,6.3527618173053915,0,2
0.006640590888766236,79.06090771831866,0,3
0.0040999988165132855,44.66480682870951,0,3
0.0003199132937783637,10.235788035108678,0,2
0.0013053904610781065,28.938450367628516,0,2
0.0004014537045543593,7.565753541331793,0,2
0.0020978633638685236,131.77988116291587,0,3
0.002107738243293092,26.319737355037415,0,2
0.0005751961668155402,28.973436878273002,0,2
0.0002618910724525381,16.451011538607993,0,2
0.007313262097199043,95.09454174325693,0,3
0.0005534511309629571,13.778821013634632,0,2
0.006766126989563173,99.6123564060354,0,3
0.003269650828896347,38.92749407161951,0,3
0.0011507358088192654,27.92543689448283,0,2
0.0021059295539563507,25.07257334709211,0,2
0.00024286210528411635,19.220450989909892,0,2
0.0013342396403857434,26.248568053717207,0,2
0.0004666719868196853,12.012129003544791,0,2
0.0043754077752394,139.99339016385025,0,3
0.0038140643867912312,47.62696375367136,0,3
0.0010974829023396304,20.25598435383228,0,2
0.001658855918253755,18.793855907024586,0,2
0.0003530278037832644,3.845834929911613,0,1
0.002105663621474736,132.2698639892956,0,3
0.0005856473310168332,11.52147137468413,0,2
0.0019691789324765645,20.677795216764874,0,2
0.0028191206800925674,172.61713838966162,0,3
0.0018235843492317577,19.557854753812762,0,2
0.006127820991775955,88.41195631419522,0,3
0.0014836042419933222,36.93608371515512,0,2
0.003202038943528851,82.42042794590206,0,3
0.00011563010116800468,6.146202827066469,0,1
0.00010454052951580699,2.0078289404208323,0,1
0.0010921709808036884,14.18987506400164,0,2
0.0010477499316639445,60.40051746204283,0,3
0.0008891919538196121,19.860861342671274,0,2
0.002929403437370464,75.40279465439136,0,3
0.0018470816389120621,19.39568581004236,0,2
0.0011111452398028735,21.34090557815397,0,2
0.0036744753795979325,43.07335268762353,0,3
0.0027488762766451815,51.80502804874515,0,3
0.0007847553606343798,36.25015312589258,0,2
0.0013576173667743197,26.074704726029154,0,2
0.0006541037142735579,40.05132244435984,0,2
0.00011368251147232992,6.553550911149765,0,1
0.0027269058686555225,29.24593475972323,0,2
0.0036459908466676284,116.65532570925707,0,3
0.0009346289857332247,21.879089661432474,0,2
0.0015858217739219461,29.26914029553491,0,2
0.0019373598835661712,23.06563279344787,0,2
0.00010134214684883356,1.870448219810612,0,1
0.004748210090549802,118.21231055935549,0,3
0.0001584319939283405,7.783667349713643,0,1
0.0009741836394976339,18.71039025464367,0,2
0.0013905819842566244,16.300838095558273,0,2
0.0016853021257333756,31.10522580129567,0,2
6.621621426398121e-05,3.729524038221508,0,1
0.0008914011835001951,11.198392896154742,0,2
0.0005918159259817898,37.17564915781092,0,2
0.0016495188612266167,42.4585874328264,0,3
0.007133575058188333,102.92293578011213,0,3
0.002153747321138693,170.45061345477578,0,3
0.0015692934031342714,16.830596543311305,0,2
0.006176014315159849,80.30687855763526,0,3
0.0015061866257857325,15.816042967237106,0,2
0.00040697042798652,25.56435064388003,0,2
0.00268120881894736,135.05624507778177,0,3
0.0019155332648455633,96.48809456519432,0,3
0.002157177161463265,155.48904221263106,0,3
0.0014943993296979723,86.148889234801,0,3
0.001014065978037183,14.92929437760911,0,2
0.0007209012846064811,17.494444142731762,0,2
0.00011241144839767159,5.662322164934822,0,1
0.0014863961929617586,93.36981475681418,0,3
0.000641253063851172,11.835457300087093,0,2
0.00021321345763615035,2.415582303537548,0,1
0.00017591763286533055,2.28558465275927,0,1
0.0010535610228240542,21.505513623910318,0,2
0.0007563852688206495,8.569397496182557,0,2
0.0016593753844913858,38.844957061522045,0,2
0.0008277340797880911,40.901351589773334,0,2
0.000997080757095622,46.058086298867565,0,2
0.0007928255320622681,25.366854872351286,0,2
0.0013268765907573593,42.454089266916604,0,2
0.00093013993479955,13.693717371201911,0,2
0.0016454137930671494,17.924904984030572,0,2
0.0012181227203508739,22.48260516120472,0,2
0.0007744544407910168,35.77432340826236,0,2
0.0033150643336791363,67.6678043773661,0,3
0.0007572510247103008,40.250923780747094,0,2
0.0020199385726130713,38.06754610966781,0,3
0.007948470718861258,103.26936755591159,0,3
0.0009851281189434313,12.799136010330288,0,2
0.0007096606571653886,39.97051944599132,0,2
0.0019202247250152157,108.15363503236541,0,3
0.02212500994804197,150.5122508405595,0,3
0.00048811474246460943,9.963502841028287,0,2
0.0009187610221670572,29.396224729370118,0,2
0.0027528782845113982,54.15752223768948,0,3
0.0032020233945317684,161.29040500711687,0,3
0.0016764784670395484,17.604229790921877,0,2
0.0028883639900523063,58.95790542097078,0,3
0.0006986943336567619,40.27821718264864,0,2
0.001507446790883467,30.77032729605658,0,2
0.0008863521074982337,63.888141743797284,0,3
0.0019300940709811808,111.26574873886568,0,3
0.0025838766386414064,28.14838640179878,0,2
0.00021095647553513638,13.251491853742149,0,2
0.0008248036422799881,38.100100784623585,0,2
0.00021689159274997755,12.216077555028683,0,2
0.0008939692229520962,51.535392205366136,0,2
0.005194924868776203,99.77489633112691,0,3
0.002807292490961263,30.10807743158132,0,2
0.0003775216922296558,8.432269265388442,0,2
0.0018606269009328756,24.173928559729497,0,2
0.004887932926681534,121.69087595179914,0,3
0.0020243757383500024,25.431596128772377,0,2
0.0001831090145841641,4.713222921063841,0,1
0.0024202202003660105,44.66943622258967,0,3
0.000221174049716163,13.542673720091756,0,2
0.000991600116089159,11.234242524683063,0,2
0.00647377654197107,81.32801995420076,0,3
0.003601941690911467,89.67460193687704,0,3
0.0016877495708851392,34.450706322760965,0,2
0.002191297479908745,28.493499467889293,0,2
0.0007869902714257968,8.152553641646193,0,2
0.0011218016265896512,27.223277742265587,0,2
0.000557917587146469,31.42382988423347,0,2
0.0008163214864370499,47.05916813363848,0,2
0.004299078712539305,79.34708682153199,0,3
0.0328310543558246,295.15425477168105,0,3
0.0002549566401242605,20.177629607252427,0,2
0.0011795712396240547,23.205768304506446,0,2
0.002859795341377577,30.67116798620032,0,2
0.003598398018521461,78.70940115251184,0,3
0.000926827573979802,46.68560355750478,0,2
0.0008130506785711724,40.175791327882656,0,2
0.001153029557616463,13.727628305701217,0,2
0.0009057302839323979,22.54922751213652,0,2
0.000805064671558108,18.846068762197792,0,2
0.0008182749968842172,47.17178378581898,0,2
0.0004963725347543477,24.386480257324415,0,2
0.0021366312489884943,169.0960232624615,0,3
0.001866994823869453,38.10949888111015,0,3
0.0003661177395372784,17.987141515597077,0,2
0.0007661978509610463,43.15488789197164,0,2
0.0008573956974176676,9.003271545588113,0,2
0.0009173636341996764,9.503111421134664,0,2
0.000850646854715495,41.79176178379968,0,2
0.0012216046023278981,29.645242609874696,0,2
0.003942971885800984,87.40947603061971,0,3
0.006014106413919135,71.60216916891704,0,3
0.0014681370377181856,18.332912711956745,0,2
0.000552442645492693,12.339278076885,0,2
0.0005428545783744905,7.832284156573662,0,2
0.0009649619816934819,48.606487107371954,0,2
0.0021054931944722854,21.8111288452881,0,2
0.0004789905939430899,5.137151165356313,0,2
0.0029798201544116542,150.09771645460003,0,3
0.002744248477824875,158.19998942095833,0,3
0.0002752305624235957,3.2768135338443747,0,1
0.0002957063149951157,18.575157810717318,0,2
0.004247778028298187,44.00338795899876,0,3
0.0005811810740862635,14.95959096220694,0,2
0.0003015654691407886,3.4165583105809447,0,1
0.0034486099270206786,110.34002311017005,0,3
0.000972534097427684,12.635509989310851,0,2
0.00046180367681854733,23.603692569645734,0,2
0.0006468993966810059,39.61019599821005,0,2
0.005114829256177901,113.3877081088477,0,3
0.0006023421111822866,36.881915803781645,0,2
0.0010815573782550513,67.93936403679812,0,3
0.00017362552020685077,10.00913571853497,0,2
0.0012944957587049956,33.320298812180766,0,2
0.0012756302738258008,13.896535661377694,0,2
0.00022166717909877104,11.78249806134132,0,2
0.0007673692992959594,40.788750585664026,0,2
0.0008419442120555574,18.664577013041328,0,2
0.0010720388141898798,61.80071900709223,0,3
0.0003553570969760274,6.825068390193263,0,2
0.0012084339621935398,38.664457313890345,0,2
0.0020547325139895494,30.250207809920255,0,2
0.0007402094009762196,39.34509324947368,0,2
0.0012200604347292062,12.638794279069897,0,2
0.004580634684719138,146.55972918566778,0,3
0.00039437856114085375,18.217503120167695,0,2
0.0021507226653714917,50.34709467695587,0,3
0.0010606409253994338,23.690320479434014,0,2
0.001990954816468219,36.74658577877963,0,2
0.0018023417651185868,20.017405322727154,0,2
0.0008175194492154647,15.406884026329893,0,2
0.00027819559840946414,14.01310209515852,0,2
0.001941977494396097,20.1172444803552,0,2
0.000874508790706217,11.371261086691792,0,2
0.001573613383945613,18.734974735892784,0,2
0.002225590372929327,24.2452665318719,0,2
0.002078240917021346,22.640062413778438,0,2
0.007767333730068647,112.06678056396336,0,3
0.00022223048307654355,10.918048257452115,0,2
0.0010579941013641658,21.59600257412289,0,2
0.0010106265229639468,26.01350951227649,0,2
0.002160881376684423,25.330529133720912,0,2
0.0009021135172543112,47.950945247616275,0,2
0.0016630652799936977,20.767019582720184,0,2
0.0012203170981889457,30.381238622762687,0,2
0.02512863028617089,241.4262478296448,0,3
0.0001950367894736765,14.058225783791265,0,2
0.00020549035206761536,4.986729199795438,0,1
0.00041175270029131033,32.58669188696102,0,2
0.004074147523330933,101.43072507494259,0,3
0.002780946613224445,51.32727896373633,0,3
0.0001987468172063502,9.76431005878951,0,2
0.002408168564267362,28.22930709397927,0,2
0.0012442733127462483,39.81115550589367,0,2
0.0012458848919172023,12.906313815378912,0,2
0.0016864456287871688,32.39025434066787,0,2
0.0007426357764087223,34.30452592234631,0,2
0.007803303616857592,98.03045071853164,0,3
0.0006445029233112057,32.941809746683845,0,2
0.008157512586703044,90.60003992225043,0,3
0.002400151718286822,61.77986440673333,0,3
0.0015384335805120075,17.086353509195316,0,2
0.00791342957217512,102.81410047565114,0,3
0.002691266909450226,143.0516113033584,0,3
0.005396748875407687,70.11648692357183,0,3
0.004179177563339047,52.18620299610591,0,3
0.0006542072188612685,40.05766011761625,0,2
0.009591068801988144,99.35536146751481,0,3
0.0019756653756101117,105.01452471505904,0,3
0.002438227971234705,25.25797973339665,0,2
0.0020102107055448635,23.93297309646286,0,2
0.0003527292433092532,17.888219891976146,0,2
0.0007527559359183239,59.574170934390516,0,2
0.0007031394921738014,35.65883489764922,0,2
0.00015746174320154129,3.2141428833315224,0,1
0.0016304777431021353,31.315322530650754,0,2
0.0011469154405129032,12.494334484451699,0,2
0.0016890449681420576,33.228672309007145,0,2
0.006536168812015974,74.05092478816806,0,3
0.00017269038336043273,12.447499810276026,0,2
0.0003174222683208976,22.8797547831899,0,2
0.002386892929430767,24.726192115178023,0,2
0.0007572082046316045,46.364497402214454,0,2
0.006913682434136922,89.89879674686597,0,3
0.0008394528452068614,48.39264093766715,0,2
0.0018372233428685244,23.88946403780746,0,2
0.0004320680975328523,5.395318362107472,0,2
0.0009695185797856082,49.16791525945595,0,2
0.0017781838923034323,32.81952276791679,0,2
0.0020427641772008793,25.66260430647129,0,2
0.00045052543198528973,23.947230485512446,0,2
0.002147310324943995,22.244318951555467,0,2
0.000848044734743404,21.113077483921,0,2
0.0015181193384102305,92.95572828112331,0,3
0.0012383594464409524,89.26078380667423,0,3
0.00016662328112744228,10.202484122237287,0,2
0.002440265650149235,25.279088363653358,0,2
0.0012395177318165853,18.24844290740776,0,2
0.0017375935427956163,21.828841543200085,0,2
0.007674888502816598,110.73298452060092,0,3
0.003957345799480745,86.56082968790685,0,3
0.0010405512737436636,33.292965577983814,0,2
0.0006663375729076531,33.79247185356661,0,2
0.0004677108799866774,22.978350618403212,0,2
0.00015076211896714964,9.231291777412164,0,2
0.0025338189055558015,117.04453123509556,0,3
0.0005409864063621734,28.75559345361677,0,2
0.0009521485665472161,10.574877724578077,0,2
0.006235167739924519,117.50730376619072,0,3
0.0024613349991336577,28.852540716078018,0,2
3.9925236302242606e-05,2.44465591299123,0,1
0.0020897959339965773,22.765941133309408,0,2
0.0007773730661136425,10.099908237953084,0,2
0.003433656899851847,85.48495286832612,0,3
0.0031652184386294522,155.50525373438833,0,3
0.002627386618360568,58.245022864043506,0,3
0.00283021032328913,63.21516356506021,0,3
0.0004539020323948027,26.166470457487367,0,2
0.0025256022007426092,158.64882509074522,0,3
0.03313727202717231,211.8800341306219,0,3
0.00233863817220826,30.38442154828244,0,2
0.001878710739956648,23.45982637981252,0,2
0.0020438298555483783,26.554166712035077,0,2
0.002317311842016271,26.25377187449832,0,2
0.0020079237153719526,26.109085525848183,0,2
0.000352024777978574,8.542747733575542,0,2
0.00017871776528430625,9.499564759884048,0,2
0.002220107147407325,28.844424182764023,0,2
0.0005431571094555346,27.761826230853757,0,2
0.0022179344276905535,112.47975465909462,0,3
0.0004961021648827392,9.759844515454674,0,2
0.0002641603873036886,13.501756014482195,0,2
0.005147482149259919,105.0715099472992,0,3
0.000487043552578379,24.699801138554303,0,2
0.0015652414105259919,36.64133863323196,0,2
0.0013538950736333814,30.240402215125428,0,2
0.0006510513733564827,16.20869457534889,0,2
0.004252889811448636,61.36052419343099,0,3
0.005851619171317906,129.72117999053972,0,3
0.007897489939798429,82.92932501376744,0,3
0.0019711691041448807,142.0816062389213,0,3
0.0018323617662440025,19.651992130628617,0,2
0.0002188619510751979,12.616918119670409,0,2
0.0035795311470628254,46.544738799396235,0,3
0.0010343035861832316,19.089898543455067,0,2
0.0035064009409099092,76.69710711240963,0,3
0.002026042551617932,107.69227331573715,0,3
0.0013907907073107645,68.72402755492483,0,3
0.002486754324032425,156.20854768065718,0,3
0.004470178314730583,111.29038040004679,0,3
0.004999678237397302,51.79243823117038,0,3
0.0012138594250699843,22.403918520782923,0,2
0.07224324536591414,721.3253907851025,0,3
0.001773393072738342,99.88357334392093,0,3
0.0009303699683073636,10.332997390467703,0,2
0.003741144148400187,44.54095384462814,0,3
0.002766743393714251,140.3119110485573,0,3
0.002526636903751836,49.706663411671215,0,3
0.0009428731065339091,20.623893520424325,0,2
0.00016839343640871851,8.320932188422658,0,1
0.0008574606425180606,9.19622429888923,0,2
0.0003140940628012683,22.639858173037158,0,2
0.00510747080190596,111.71803845844077,0,3
0.0008644057559230784,11.23066799680616,0,2
0.00022979388131920734,14.434786790102963,0,2
0.0012455211305457028,15.553064584952683,0,2
0.0004934271585402045,5.111488063195665,0,2
0.0013796241946770053,35.51150330622915,0,2
0.0007783007337917862,61.59582241846892,0,3
0.00013026276248885485,6.017219280930508,0,1
0.0005012177860179829,5.566690941671517,0,2
0.0016087674040979585,31.649367483084742,0,2
0.0005893109545381541,29.119997757541608,0,2
0.007942015297463046,83.39687329623067,0,3
0.0013009466896127622,14.44874534521223,0,2
0.0009555207000292252,19.504293521912608,0,2
0.0004981380395027975,24.473218430123577,0,2
0.0006557436620305964,41.19134894294429,0,2
0.003504535769135504,82.03902669941257,0,3
0.0004923942801502752,25.167238363686245,0,2
0.00038956702199048247,7.951925628746042,0,2
0.0002520452930458599,8.064316941613619,0,2
0.047484803460536705,198.31751033067124,0,3
0.0034356127544205666,50.57981954733561,0,3
0.001770499109423139,20.058707196850015,0,2
0.0011980390167224543,30.83750391409401,0,2
0.0023769192701497003,133.87623640932443,0,3
0.0005693070118778451,10.93423861278612,0,2
0.0012156225022487777,38.894458297651525,0,2
0.004986927356441394,52.36632432771823,0,3
0.0026070494512570475,27.006827491388304,0,2
0.00216454113641638,28.122490742281798,0,2
0.0006423896815608944,20.553583562406427,0,2
0.0014425221166412864,27.185617391532762,0,2
0.0011895568791567292,26.019720195863226,0,2
0.00030728276322527744,7.909453099129202,0,2
0.0007946322647005608,40.2987757716479,0,2
0.0033150783529150765,36.81835950937621,0,3
0.000839232855346128,47.26846955038339,0,2
0.0004448518513883114,8.543924787392482,0,2
0.0008453138564277016,41.529754826621875,0,2
0.00074850045718947,34.57543273866258,0,2
0.002702098037141204,50.9234503545566,0,3
0.0006049113952334843,29.718928354068684,0,2
0.0013063821981109305,31.702579648455437,0,2
0.0015592432890224463,17.317473032674734,0,2
0.002123620965336886,30.63951839769057,0,2
0.002301332599649171,165.87974697888416,0,3
0.0005196446874304468,37.45591979317743,0,2
0.000935391503044934,46.221096453974745,0,2
0.0010047716063513988,49.64941971378182,0,2
0.005112871152622006,114.20034176981531,0,3
0.0015390364453525347,17.09304912603182,0,2
0.048479184923701894,440.2531694817571,0,3
0.005018305992231347,109.76769590677104,0,3
0.00541744410725813,134.8736835633561,0,3
0.00028724403802963654,14.193772708409174,0,2
0.004186210315694466,43.95821944599693,0,3
0.0024921091344933836,32.37837104799859,0,2
0.0008028579927792753,40.7159332243818,0,2
0.005392559859401917,117.95392144724387,0,3
0.001357003528116553,25.573943226764687,0,2
0.002598947217864924,83.15463393944128,0,3
0.0012960753877741817,28.73194986489478,0,2
0.0003542127334958236,6.675455257800389,0,2
0.001370486904723092,27.97467271702131,0,2
0.0005439125101216074,17.4027565328553,0,2
0.0008959511490671343,19.861825738856584,0,2
0.00017773206297278576,3.6279049992012133,0,1
0.001141968296231074,14.34618877880948,0,2
0.000487641036874477,12.551871995311876,0,2
0.007783310231006799,81.73035594226015,0,3
0.007613297510365494,98.99591020819132,0,3
0.0011860343136560181,30.52850306134088,0,2
0.0008773302046376914,16.192677681265614,0,2
0.0001956516271528488,9.612245256957285,0,2
0.0004451581532266435,8.757620239988094,0,2
0.0010892144751586527,23.82488502525662,0,2
0.0015004661283447808,29.518750672681925,0,2
0.03605899308765546,352.6034603196165,0,3
0.00025515817018374287,15.623550096625785,0,2
0.0015891624827605708,18.004270524767144,0,2
0.0009272501237537453,23.084989397064856,0,2
0.001571138747713235,16.27566868901083,0,2
0.0021894906055254055,26.067426470497534,0,2
0.0008537829267628025,18.927022670633445,0,2
0.0008291419512446214,18.380771056036913,0,2
9.048302527570958e-05,4.471095391717603,0,1
0.00027810900314885776,12.846671020744308,0,2
0.0014944025072548607,28.701830922427767,0,2
0.0009353965155237817,18.402105852466978,0,2
0.00020456043395679864,10.0499295082593,0,2
0.00013030605707014075,6.660198403432861,0,1
0.003209081844249426,79.89389103439535,0,3
0.0005135200496209146,23.720998117076878,0,2
0.0016187456139106229,37.8938391237849,0,2
0.0014173693218394283,26.711590513246023,0,2
0.0010135175876546459,51.052301014983136,0,2
0.001818751521114822,34.931351088829054,0,2
0.000771550009770094,19.859684128898884,0,2
0.001057987243734617,19.527022252425546,0,2
0.003880947049900347,55.99414889795128,0,3
0.0030645458779094466,162.89288297962457,0,3
0.0037300072818174127,71.63935942452866,0,3
0.0016174924261968579,31.065923611363566,0,2
0.002559503450016652,32.15423737693944,0,2
0.00040584667236221193,4.507467727143258,0,1
0.0026206419750473015,29.69032278269585,0,2
0.0005261419999379923,11.663739398674355,0,2
0.0007910661221030348,40.43294258074635,0,2
0.0019734867612330354,25.661300894400593,0,2
0.0030002274287522774,67.01264074980195,0,3
0.0004936555325242114,25.231703448702937,0,2
0.0005741904123331256,11.028030301112071,0,2
0.0004758880499878854,29.1390269181551,0,2
0.008593703423173048,97.36157436315226,0,3
0.0005263627255684489,5.452672683469735,0,2
0.00020578095928468923,16.285796575636823,0,2
0.0002280364072568935,4.297549720388267,0,1
0.001683566573280617,21.023023219067017,0,2
0.015550307282830968,122.99053825548773,0,3
0.0014667482352320254,32.51549806179333,0,2
0.00294274928428889,145.41194576411283,0,3
0.00010513909675659228,5.588563939606674,0,1
0.004116823634487484,49.013682503678446,0,3
0.005092143898716566,112.88480946622656,0,3
4.692549681195224e-05,2.363703025682206,0,1
0.00021663698966147208,13.264865703970548,0,2
0.006211134108132465,122.19197465977278,0,3
0.0016786698403066299,18.003653590333947,0,2
0.00014770960082752265,2.8369438407585776,0,1
0.0003176424041711114,22.895622145925742,0,2
0.008919247980996855,95.658507158752,0,3
0.006847182073643138,73.43569960207181,0,3
0.0008672370050714632,27.74768767897423,0,2
0.0016960293934520623,54.26532035494721,0,3
0.005327787607283595,66.93132115817167,0,3
0.0025869084908844413,30.32455256528784,0,2
0.006246744141061478,91.96589196693493,0,3
0.0007919738171400108,8.972594688714105,0,2
0.00017269586804163854,3.3168357129152457,0,1
0.0009672939853621951,11.33892343256952,0,2
0.002167856200151754,107.12165996738587,0,3
0.00099040066526836,49.88786924331977,0,2
0.0010630237627413757,12.043430175500285,0,2
0.0010318633356688751,22.570417392321076,0,2
0.0007225711785802797,41.65466565108337,0,2
0.1057038187674562,399.8934836014295,0,3
0.0006131814166354266,38.51774887117439,0,2
0.0013042895696902723,103.22332387572408,0,3
0.0015464134879016515,17.519949710217794,0,2
0.0009137562949503434,52.67607411011682,0,2
0.001744656891114083,35.61231075190294,0,2
0.000721930090801891,40.661575982390005,0,2
0.0028114625784849195,143.69937205956063,0,3
0.0022394451015966643,29.095669783281803,0,2
0.0003442607133429936,4.472758018333776,0,1
0.0003234195690709853,16.291096864491973,0,2
0.0015286774608295056,34.14431603523128,0,2
0.0013009134522266276,31.56986706845781,0,2
0.0027670783215244946,139.38161224158134,0,3
0.0015593202934880437,123.40681656982656,0,3
0.0008771842999717936,43.09553030343147,0,2
0.0017627775885068967,35.98219431461423,0,2
0.0009383282901072284,24.152554228198596,0,2
0.00047251388655398,25.116004881346857,0,2
0.001818274388654692,40.61271063112572,0,3
0.00020123112966909646,9.295456431548606,0,2
0.0005093829853929436,36.71625767836047,0,2
0.0030924200381457967,69.07184138035015,0,3
0.0066601966555805605,79.29432816942285,0,3
0.00031902018919965214,16.305748194242998,0,2
0.0009937085108634857,23.262105004644596,0,2
0.0013925607429816926,32.59899042269172,0,2
0.0001725131841777164,12.434727316809271,0,2
0.00031196630558777633,6.367923157441353,0,2
0.0006591348171900293,32.57024878068605,0,2
0.0005107329024697879,25.091996375281685,0,2
0.003061658742503873,162.7394201735506,0,3
0.0007156127928292885,8.935996115791218,0,2
0.0012575979585316421,30.518709994468928,0,2
0.007680916187496178,87.02023513512522,0,3
0.0009711149828077795,47.986323525650185,0,2
0.0034160996247389218,37.214505826698584,0,3
0.0009568821254992428,13.805857056042159,0,2
0.00368608082879635,38.706500091606564,0,3
0.0006049186161794102,6.589897789707344,0,2
0.0006501935392075866,12.791292392604545,0,2
0.001508669639048481,108.7447064532251,0,3
0.00243810897694519,62.75688359901968,0,3
0.0007267783466766382,18.09400721255903,0,2
0.0006987460399110599,35.714281930237895,0,2
0.0016023267635039366,90.24853274984407,0,3
0.00031644739216228916,17.823401247264343,0,2
0.002233038974262539,57.47838521781499,0,3
0.0001573316842592743,9.069831316851731,0,2
0.0015485054691451805,78.53050707142778,0,3
0.0006530942991261236,16.25955563055181,0,2
0.0010796985936059105,23.61673980769052,0,2
0.0003483931641132326,19.622696566921338,0,2
0.0014101395966241775,18.32103677042796,0,2
0.0018744502624134512,117.7459109496713,0,3
0.0025622907881421584,56.046155115473674,0,3
0.003188370321095525,160.60268056766267,0,3
0.0023625612153237614,25.737407503248004,0,2
0.0024679461309266176,47.39992888906147,0,3
0.0005247390565863033,16.789292165774814,0,2
0.001914640147060475,20.534423821855505,0,2
0.003539054356685064,46.01841801654267,0,3
0.0005321916889798694,29.974859164846354,0,2
0.0010054131071414658,49.3953334865609,0,2
0.001726586573277164,38.56478500583948,0,2
0.003837618159555836,44.98576351464478,0,3
0.0016305827454323285,18.473537589928277,0,2
0.004547102988406112,99.46085768002365,0,3
0.00029017971701966885,17.76794896521148,0,2
0.0006558790679606822,15.353725546732102,0,2
0.0013132464983599205,67.12260679472871,0,3
0.0004991436651090402,10.917997055241033,0,2
9.521627243966251e-05,1.8287451602628617,0,1
0.0011828988569245608,13.866311349097545,0,2
0.0005877637149937343,46.51645288369855,0,2
0.003950693075491637,126.4044280089211,0,3
0.0012682950620836859,58.586270977723686,0,3
0.0008629886288102143,27.61175872650732,0,2
0.0016376037839832397,52.39596335736266,0,3
0.0004969438714281074,25.399776905993452,0,2
6.692519964035254e-05,1.566677757582935,0,1
0.001017349190873928,10.538877228887154,0,2
0.0046779702085479056,58.41472376157365,0,3
3.9891603495962535e-05,2.29966466303678,0,1
0.00020254789644061832,4.741521667533376,0,1
0.0005809133675759473,29.69162270929231,0,2
0.002944922350725541,32.70728420064823,0,3
0.0011398009514430076,26.682039176479933,0,2
0.0023730128607500314,133.65621404892315,0,3
0.00011397717333035606,2.2422790480630814,0,1
0.0009264218460584589,20.264047596332052,0,2
0.002063984418443833,103.96578717934834,0,3
0.002590854125064711,186.7484199330637,0,3
0.004437092763579179,97.05455385476229,0,3
0.0004898523522593794,24.205386459341764,0,2
0.001663013170460201,20.7663688808412,0,2
0.0009514777592391146,47.01597688287987,0,2
0.0032515811664973935,72.6268410491567,0,3
0.00011192267627004925,8.067371584492221,0,1
0.000427965994959896,26.204719045811082,0,2
0.00133012882712686,24.54987558660396,0,2
0.00422945028892441,46.075032847714056,0,3
0.001965628604620946,97.12885891215129,0,3
0.0008287208467865377,42.35754948588642,0,2
0.0009847723416450474,21.540374600997247,0,2
0.0033843571399945053,171.63341532225337,0,3
0.0001571498619487272,3.437410609253996,0,1
0.00017477207349200053,2.5216044899571735,0,1
0.004178371700722749,104.02550933905002,0,3
0.0005449044454748912,39.276639785497984,0,2
0.0007547694588773864,47.41177681507661,0,2
0.001508578776026145,18.8379165632811,0,2
0.003208845259894517,158.5607157865527,0,3
0.0012681820029269001,23.900022271181335,0,2
0.006450308284430879,67.7328766780573,0,3
0.002392617299992314,30.05769912739296,0,2
0.0006590940131106159,33.68758899264835,0,2
0.008430844205552093,93.63575152140909,0,3
0.0016069026755954707,18.836617075981934,0,2
0.0021317025151059306,107.37684259374454,0,3
0.0005702141310238713,32.871611380889696,0,2
0.0036238459049776194,69.6004001255744,0,3
0.001206812501445901,31.063333261655412,0,2
0.005914763822071797,64.43459995311447,0,3
0.0028926644546203497,67.71549559146897,0,3
0.00019540370070299706,4.27415427258296,0,1
0.000640841065543401,40.25522391787112,0,2
0.0036937704117418614,48.03019499929098,0,3
0.004919863514372537,54.641635679574996,0,3
0.052788013452305445,163.26272549296323,0,3
0.003369336334554211,68.77561610248787,0,3
0.00036634160081354573,20.633614011634375,0,2
0.008031398735062785,100.28963794392668,0,3
0.0016108886244486263,17.54879268349426,0,2
0.004744519867865435,96.84615740984273,0,3
0.0002894051883549191,7.023129255561848,0,2
0.007484288029438688,89.10571591358861,0,3
0.0014609458832443726,67.48537777867426,0,3
0.0007713129962970191,43.442990401327634,0,2
0.001965841590918673,20.6427507298651,0,2
0.0007370066239311145,17.25287173006759,0,2
0.0020883430866797787,41.08408562526002,0,3
0.00020446201878951382,12.84353452301416,0,2
0.004325608445190612,83.07860942936249,0,3
0.0014954494882046159,19.429413320003704,0,2
0.00028214646557673,6.254742725598538,0,1
0.002093850424032832,46.76793662535311,0,3
0.0009104387977523763,51.279032171943214,0,2
0.0025191483282459765,128.7586168366923,0,3
0.0032536866414737166,172.9464718288047,0,3
0.0008482583300375081,48.900258093442666,0,2
0.004539958560739488,65.50234063283678,0,3
0.0004868171933545391,9.577180772257591,0,2
0.00035394285555383594,25.512153842171468,0,2
0.0011066774894919304,11.620909670172871,0,2
0.000680912427946091,41.69284260727409,0,2
0.00227730126519926,26.695239575297492,0,2
0.001337158221622035,25.681761779180803,0,2
0.0022980233239440423,24.130897864168446,0,2
0.007572405226370604,88.76610871311776,0,3
0.0004515567767636533,22.184709367647834,0,2
9.684510816588036e-05,4.911377843471355,0,1
0.0010436016746515665,23.30973426851217,0,2
0.00044380004651480974,8.363808168839515,0,2
0.0046067937557438534,54.847121604243235,0,3
0.0027588012112133046,54.27404429257852,0,3
0.09212978247770237,571.1109354821562,0,3
0.0011744481194522008,54.25120528535541,0,3
0.0018779966603923114,114.99132041825806,0,3
0.0005917855565391106,13.218035579979171,0,2
0.0037719751008229593,74.20626859973497,0,3
0.0006648838629747981,52.619850624035855,0,2
0.0002927836811379051,16.490579972596965,0,2
0.000583890367167288,6.844545987583828,0,2
0.004946667195084969,120.04305552643979,0,3
0.00044562690795464297,8.398237003973279,0,2
0.0008925340251882622,19.935509359632004,0,2
0.0016096188543471973,30.334704623015273,0,2
0.0009950684392837001,52.89187151850724,0,3
0.0011053482342772627,13.802698368549958,0,2
0.0038556231554213107,75.85188126722481,0,3
0.0011271438823461496,14.65628190892737,0,2
0.0070465662450751535,82.60205927520371,0,3
0.0006612936420390821,15.480477395378061,0,2
0.0005169151606597153,26.420548707746715,0,2
0.004704273648907338,59.098311272861736,0,3
0.0035290543000129535,66.50817956086355,0,3
0.0003736024210524634,21.537371537503997,0,2
0.002655210001471453,31.612143620263467,0,2
0.002286694669767936,115.18401459662621,0,3
0.0011974744961064329,13.299548851443152,0,2
0.0004110853772517126,8.087304689553344,0,2
0.0027268950858668015,171.29328656400875,0,3
0.0013733721440226726,30.675439208770598,0,2
0.00109930048458542,21.626597432513982,0,2
0.0009029313850276434,10.229678272482634,0,2
0.0009224516518526876,42.610748913981396,0,2
0.002017248957818021,41.176518498083404,0,3
0.0012169040663268745,22.460112749896766,0,2
0.0004881286740421286,29.888530659256997,0,2
0.005387096763827372,126.10862161323385,0,3
0.0035445651707637763,86.0175986841928,0,3
0.0013946509831486585,68.518353222836,0,3
0.0005542508970472663,34.81595541696382,0,2
0.0005468712742179049,29.06839774148344,0,2
0.0006469904225450306,29.886386337372684,0,2
0.000317191760689243,16.860012026088736,0,2
0.002270993445042556,56.53906994088923,0,3
0.004533377087475308,116.68904912757986,0,3
0.0018428071184069885,19.08992325508938,0,2
0.0002068526993073801,14.909914989358011,0,2
0.00251460621622721,64.72592123706781,0,3
0.0005283757029188506,10.14810267988223,0,2
0.0005998967663314911,36.73218527486142,0,2
0.00036302564531333483,18.410388968226265,0,2
0.003811102046145004,45.37385184879929,0,3
0.006813999615022225,79.8758403065688,0,3
0.007392169169384063,86.65332513244307,0,3
0.000774281802214827,55.81012907970354,0,2
0.005986300092787957,110.48773585297509,0,3
0.0012229209995402682,60.081363740875204,0,3
0.0008914114857169534,9.900311563693146,0,2
0.0003322729425450812,20.872135734092247,0,2
0.003938138829655707,72.68530411423139,0,3
0.005653956819554452,66.27745487735751,0,3
0.004711478383616477,61.26347885095846,0,3
0.0014388108984286093,18.708896416234715,0,2
0.0002609588149658428,16.392450631865522,0,2
0.0019294784899952474,22.617951929737114,0,2
0.0003550363225730098,7.930039339587797,0,2
0.004057410232573539,48.30632414285908,0,3
0.0008317210309408293,26.611336079551705,0,2
0.004365425261380593,80.57162950223793,0,3
0.001612315571590073,30.9664957765516,0,2
0.002384618025498148,29.777189042762803,0,2
0.0026102963039783527,49.193364718534795,0,3
0.0006442370310577421,6.673750800143583,0,2
0.0001530188383390169,9.36947260907044,0,2
0.0025150061785028503,26.409373912291365,0,2
0.0035381646163506926,51.04849764917316,0,3
0.001071941318586984,26.013294639283306,0,2
0.002959565406621655,33.53012470065141,0,3
0.0009741340559521444,21.758115704187333,0,2
0.00045769932175190864,6.603667518041958,0,2
0.0013376720513918498,26.31609405965723,0,2
0.004699703688339237,120.97029300492146,0,3
0.0013370913640755268,14.040421089457086,0,2
0.002364926364294117,27.722408465462628,0,2
0.0011949783349711812,28.99909069289511,0,2
0.0016907478295881647,24.39404209889403,0,2
0.0008186199115055883,50.124788041444454,0,2
0.0007233813605655564,52.141232031453484,0,2
0.0007753430977436174,9.74039164247176,0,2
0.001391846506457456,25.68898430912738,0,2
0.0014486248673360347,15.781114278919029,0,2
0.0023184056143765435,30.121552938052584,0,2
0.0017461345475792375,22.68640305463308,0,2
0.00010885132279316575,5.78588361614615,0,1
9.979240122154367e-05,1.8806769108732058,0,1
0.0017852149151850105,22.292325832905227,0,2
0.0008273281860360847,15.889851360452026,0,2
0.0011857701688587144,29.52115192462239,0,2
0.003178864936308778,35.30552813445527,0,3
0.004759548874655332,115.5021688964139,0,3
0.002063335026696366,30.376855826290726,0,2
0.0003338266076588769,3.913220180502913,0,1
0.0023154296321619685,118.34615432408788,0,3
0.03263231551842858,183.90605022706433,0,3
0.00127174944984712,23.96725399395278,0,2
0.0027174672640378227,166.39281393600697,0,3
0.0006407475888734382,11.826127867055924,0,2
0.0017051252615314905,38.08542828766215,0,2
0.00042983676487217667,10.701295050113256,0,2
0.00578744003950597,128.29842972848914,0,3
0.00042491216108998727,8.359319750084795,0,2
0.0018216043560533718,33.620924076748054,0,2
0.0002058801158745336,11.86854339777295,0,2
0.047713782629992124,385.7549153015805,0,3
0.0009661503837417247,49.381842931591436,0,2
0.0009757995120494886,11.055231031100115,0,2
0.0016304882183706968,91.83468236658534,0,3
0.004698921873489655,61.05006953330465,0,3
0.0005141956125793565,31.484631304628355,0,2
0.0023162632046955576,29.09848662668022,0,2
0.0013933326433148933,20.512938653403424,0,2
0.004194546836526159,44.04575891116947,0,3
0.0013355075600079576,27.260666828391916,0,2
0.003269317935711648,61.613215843424086,0,3
0.0031198358198568778,165.83176475930836,0,3
0.0014520466008738923,32.18958598500024,0,2
0.000884492734189247,19.346913007802467,0,2
0.0017655433362152462,38.618534688780464,0,2
0.00043715217503535503,34.596842292748896,0,2
0.0005580285570907956,32.16913939889598,0,2
0.0007530370782602823,9.79176117594212,0,2
0.0019464437642143606,25.309660084229154,0,2
0.00731663234835683,79.70635727011219,0,3
0.003818419558538075,83.52203265303629,0,3
0.007316744936509409,95.1398291955296,0,3
0.004347330127289158,47.35919912316643,0,3
0.0034229717600165878,88.10723488465366,0,3
0.001585036408088256,19.792657884252154,0,2
0.0007819132978707673,10.1588965488747,0,2
0.0007794869984140687,39.84111083600333,0,2
0.0017177579016434486,84.3923993015088,0,3
0.001728554958192538,24.939521839085703,0,2
3.472783135240187e-05,2.7484097599904613,0,1
0.005511121553897752,129.0119656605634,0,3
0.0015242957000078305,28.13356798921448,0,2
0.007588566812591837,88.95555989495551,0,3
0.003599074261748881,166.25180233797823,0,3
0.001223976468880916,17.659483565452526,0,2
0.0022693953066936804,179.60315882961328,0,3
0.0008090877680125313,43.006254226814754,0,2
0.000978142189014019,31.29615526974965,0,2
0.0016216887778318654,39.35426992082717,0,2
0.0006129544932610816,11.772541964640585,0,2
0.0003096475016739428,15.59737853249986,0,2
0.002657569190376127,30.108686280273254,0,2
0.003123391058795867,158.39884877191008,0,3
0.0031152588374087904,143.90294803665898,0,3
0.00024529518870321134,12.537518676445712,0,2
0.0008711767362407363,19.312616029317457,0,2
0.0006738748383317741,53.33140914815422,0,2
0.0016071157145737377,35.627223982330925,0,2
0.001061555453808804,49.03636175366531,0,2
0.0007557968829100931,54.477738560548765,0,2
0.0009279607120810739,53.49492803605343,0,2
0.0007654514343562638,15.62455889442998,0,2
0.008310748555939268,94.15586315914314,0,3
0.0010373418836830278,19.14597568733308,0,2
0.00022494624720889036,11.95679365984881,0,2
0.001014483971868684,10.509195983154603,0,2
0.0019382621884687843,28.535506978204054,0,2
0.0005710005094523586,10.538822391529092,0,2
0.0002839371614862293,14.512585770191166,0,2
0.004460538475850163,46.83886245123022,0,3
0.0012158831313076814,76.37720230561311,0,3
0.033423542352867514,297.66674343126954,0,3
0.0029979879313567605,65.5763574582296,0,3
0.004294128842669045,63.219075460627884,0,3
0.0004474865726242402,35.41472115505653,0,2
0.0016942917651950676,21.28485492118462,0,2
0.0029668733220652413,149.44556636841443,0,3
0.00044633083757596826,22.635107007923445,0,2
0.0028736283653391435,67.26987245058189,0,3
0.0008851779903694167,21.481022769083427,0,2
0.001159738115317101,12.178084407720148,0,2
0.0007710300353930387,47.21081976442941,0,2
0.00035621365769056035,20.063173557513444,0,2
0.0007301423078540033,52.628560210664126,0,2
0.004642818690094814,60.321156957290455,0,3
0.003743949227167433,48.68267147212815,0,3
0.00010697425233140383,5.285986903885878,0,1
4.95757047353904e-05,2.4497158921040323,0,1
0.002165846316727694,24.054607415603765,0,2
0.0006842748000633645,15.283861787057528,0,2
0.0011178939135582594,12.645085489223899,0,2
0.00036323480870457047,28.138148116865306,0,2
0.0011437717824490294,16.241318665603206,0,2
0.0015001283597190515,21.56385003421266,0,2
6.881379464510603e-05,5.330691607208796,0,1
0.0011516145142837716,21.14479230658104,0,2
0.00012126928043535863,2.5099501737297785,0,1
0.0007157342349127459,7.438768291659147,0,2
0.001419494486803273,14.753088595663485,0,2
0.00027426727296366087,10.637748271899534,0,2
0.0003504790378701744,6.469270544147822,0,2
0.0020703979420064926,113.52956839429064,0,3
0.0008846703442005789,35.169066719283705,0,2
0.0031732777231479234,169.31744254432652,0,3
0.0032053486423823524,36.786152745408025,0,3
0.004496051529480567,63.84298576671757,0,3
0.0011742710677181622,26.642155714318115,0,2
0.006649226269234582,73.41484907570755,0,3
0.0012282229573831044,13.893075279837234,0,2
0.0018443084623639167,36.34712260132047,0,2
0.021455217580593024,100.92049868289519,0,3
0.0006881512308744317,13.561894697800911,0,2
0.0007823907093495733,40.10298248928441,0,2
0.0008016349218494835,34.60628678103355,0,2
0.10724908227581934,509.89155574091916,0,3
0.0014758021693577165,20.956080301793357,0,2
0.008823806546011745,91.70757684129563,0,3
0.0003922891792688958,15.103786413441862,0,2
0.006069147523123735,80.50284162439758,0,3
0.0022985777150153356,25.378852997893397,0,2
0.0008470681894680279,19.21849496667427,0,2
0.0023985030728368795,30.043352200613334,0,2
0.0002608785735213327,20.209076240350505,0,2
0.11610666119162258,276.07430549201274,0,3
0.0008579988229297456,47.048074224620706,0,2
0.007329230853463767,84.11384712319047,0,3
0.0018941704755202897,33.646224404069926,0,2
0.007567528594548093,83.55392750212474,0,3
0.006129057766731527,67.67161060570815,0,3
0.0015866550257186789,22.807642298713155,0,2
0.00020883902910461024,11.451617274673058,0,2
0.0005782531174113405,29.252217293120044,0,2
0.0012393291415361204,96.00519034631851,0,3
0.0008798124276837411,19.187179380531056,0,2
0.006677734851568178,112.02689790843979,0,3
0.0015514412226434217,78.48309744603752,0,3
0.0011528747666993185,20.36474213744971,0,2
0.0008759274802584943,44.31073558278769,0,2
0.0004776012968332327,17.389023761399876,0,2
0.00011627811629306037,1.544050466808153,0,1
0.0006173720842002296,10.966404531304699,0,2
0.0032540447577348746,101.84277080541035,0,3
0.0006604952444516175,24.048024107587842,0,2
0.006130377585554812,118.11721420168952,0,3
0.0006972989679614666,14.432226030312739,0,2
0.12753806036728305,701.7014698846016,0,3
0.0077375647063798346,96.91977645617729,0,3
0.0005154832863553813,7.40990209943924,0,2
0.001731336103287676,19.115875077119313,0,2
0.0023929317938502967,31.775604654812696,0,2
0.006890240265140822,118.5958304216479,0,3
0.0013497422623994513,27.93605943597358,0,2
0.0007045679175003739,26.304669242535915,0,2
0.0008256464242798713,47.95432894627308,0,2
0.006232673739326314,65.98272611762671,0,3
0.0022511776257641337,43.37462515440935,0,3
0.0006878134153103906,7.281594721715764,0,2
0.00017786183271529849,9.490222183177423,0,2
0.00033183163559577126,19.2730967399496,0,2
0.0005347576172892283,16.736462313426937,0,2
0.0015079866314780992,17.057629208259904,0,2
0.004662124355194943,49.35597262442224,0,3
0.0015234877935481304,26.222496322396662,0,2
0.0027664974685961087,160.68080201982394,0,3
0.0008764395618260898,27.430179996043304,0,2
0.00023413674606379147,12.492898040403755,0,2
0.0005373797858342279,16.818529073420564,0,2
0.0021151298809338106,28.086688915604956,0,2
0.0005531129226881304,5.748612641815256,0,2
0.0032431361484094165,144.96832059621312,0,3
0.002087831606619937,26.151919921897502,0,2
0.0004697534967895081,6.237829861076707,0,2
0.0018492153525782391,71.19786931123711,0,3
0.0012139731107829667,15.206076716086526,0,2
0.0008973483333804987,15.054079319773868,0,2
0.0006102687685235537,19.099756441490264,0,2
0.0008075577875589831,9.267929151634824,0,2
0.0003532329610113723,13.600056996847231,0,2
0.005297923564613382,56.08691456931458,0,3
0.0014470235698323627,15.319037043694108,0,2
0.0015326260353176974,28.289773122316024,0,2
0.0025681747867293786,28.35550434494066,0,2
0.0030751770551453186,157.624279174359,0,3
0.0013502178374258569,23.983972371826656,0,2
0.00781382373906806,86.85397830540491,0,3
0.06698730507782705,308.34052880156713,0,3
0.0008809371351908755,10.526465239829616,0,2
0.0021722617932299743,22.576748966928605,0,2
0.006082274056504875,117.1903781682881,0,3
0.0034385150553905633,78.01388968030832,0,3
0.0010455537353696986,20.605484701318,0,2
0.22988485479165427,737.2729148483777,0,3
0.005631622294557763,103.4022081960254,0,3
0.0003745589430380934,13.637346472299242,0,2
0.002280827109832089,23.705089900364882,0,2
0.10061359674422221,422.45621867705137,0,3
0.001718224153717808,20.531347931458505,0,2
0.0036618483039928353,114.60591519562247,0,3
0.0008739826424581602,34.744189251513966,0,2
0.002050773078139732,29.120546234835672,0,2
0.0010200279201022777,18.828049226072103,0,2
0.002313901199964493,28.98363962724967,0,2
0.0018428241291023563,36.31786977071207,0,2
0.000729235941850578,13.460504305810597,0,2
0.008486756790530063,93.70322856988938,0,3
0.001729402430120905,87.48566008535701,0,3
0.0013034372257988884,14.743863393621394,0,2
0.0007963898144148414,40.8205342937592,0,2
0.004036551676755884,88.03017400492881,0,3
0.19500929324463442,460.52502656950503,0,3
0.004839274986654336,69.56298066791709,0,3
0.0016552490498056975,28.49039047440797,0,2
0.0007141231938960442,8.1956279396096,0,2
0.002465928954642754,131.57524191797714,0,3
0.0011364927325790727,57.49200715818367,0,3
0.0013478896802540108,23.94261722472441,0,2
0.041980412043018445,283.6446657948264,0,3
0.03245644398087461,219.98679993723556,0,3
0.005804880488184023,126.5943509147249,0,3
0.000305896371673596,12.160563508316665,0,2
0.0023283733584567442,48.19110903095885,0,3
0.005372551994052458,103.51578933514851,0,3
0.00165758419701253,30.596296672528137,0,2
0.0020972992440125592,106.09653690964883,0,3
0.0002841073919511864,12.264812340997683,0,2
0.005020769530227456,62.88953682111459,0,3
0.07690033812958232,206.43340482971,0,3
0.002993815770282045,173.883665005712,0,3
0.0023428393600748105,90.86951966476927,0,3
0.00240858963661772,75.38231972478935,0,3
0.0016926926442165553,19.426170787742706,0,2
0.0024610655313288617,25.578343671623063,0,2
0.13136011490057617,511.22100031076434,0,3
0.0038997027461609435,85.04573675814916,0,3
8.956780387277541e-05,6.938410283041755,0,1
0.005888701317848423,78.19572855653743,0,3
0.0019515611229330664,34.66565672365286,0,2
0.0006230121293925074,33.24222763527625,0,2
0.0017215903868027125,29.632267339319096,0,2
0.0007113151956309097,27.38681909979646,0,2
0.0038667300573645255,121.01815811307029,0,3
0.0015042364071970874,15.633828232879045,0,2
0.0008025126440697232,18.207607607638263,0,2
0.04721302397188157,198.18666937431945,0,3
0.009570560463772611,101.31954539650782,0,3
0.000981036712149418,23.25188374501488,0,2
0.0037347117904102407,41.5129119434064,0,3
0.0011676194053691982,27.67414341975511,0,2
0.005624768110632668,103.8240314653481,0,3
0.00810096103379474,101.4716338111159,0,3
0.00020569137701899093,8.879621617633848,0,2
0.002251927657053778,31.976898933267307,0,2
0.008025154626041205,83.40702855318166,0,3
0.0010143473809334838,17.016876682494093,0,2
0.00022634480225112186,12.411540403173538,0,2
0.0011517697371843454,43.00071182304529,0,2
0.0015472884426171749,35.105267221882656,0,2
0.0006843901488298102,13.487772329997936,0,2
0.001037787568187947,53.19385337440548,0,3
0.0013501876439404414,19.172380469679872,0,2
0.0011328062414842062,16.085610291010255,0,2
0.004813461394537899,55.24164321856445,0,3
0.0009437184537780992,40.73998095872686,0,2
0.001088898604090121,21.459713421550628,0,2
0.0026575924423632934,31.756016801482268,0,2
0.0018815122852167583,33.4213764735345,0,2
0.004596324127193188,81.19091364833426,0,3
0.04318905070795714,211.35097606433558,0,3
0.12167818302327703,477.7287151736027,0,3
0.00031994706484488,11.6489782374281,0,2
0.002089668410050888,23.63733746891624,0,2
0.0031543212284807364,54.292641637027145,0,3
0.004121629498227056,69.14520825963378,0,3
0.0051573938582513195,106.74427657225928,0,3
0.0039777347912970185,82.3284849602844,0,3
0.001683187556483598,17.493703127965965,0,2
0.001227314363840706,22.65421838251365,0,2
0.0011773496007610883,45.66475812291789,0,2
0.000835077239015186,42.803534721503205,0,2
0.025679241843265442,163.6380904980917,0,3
0.0009268842857860074,47.50928639396862,0,2
0.0009543160733324097,16.00978051629091,0,2
0.0005253126929169414,20.225413122213418,0,2
0.00013254571571019608,6.793892683841545,0,1
0.001197286394268657,37.47181520785761,0,2
0.0003900183216826512,6.543018505040339,0,2
0.0004680390999305226,10.618988173632761,0,2
0.0030271395865595243,117.41083271713886,0,3
6.0815436760154634e-05,2.2705120529638347,0,1
0.0038504662348820447,74.18896123358027,0,3
0.0002237917883654234,8.680002846220056,0,2
0.000540285120738012,10.40995802388604,0,2
0.0029675441943629137,132.64934879863853,0,3
7.743551883847063e-05,3.003419065667111,0,1
0.004104824418512525,128.46986552883902,0,3
0.0003518124371607937,4.6665369069281875,0,1
0.0007606547645839614,22.882547896506594,0,2
0.0027440497499563337,31.039388670106543,0,2
0.0019093043034586834,33.72655116147587,0,2
0.00040596437709770227,23.578796815830493,0,2
0.0014984228144377014,25.791074209710462,0,2
0.0011932459709147025,23.516162552753304,0,2
0.0011069719051755912,20.325109430142614,0,2
0.0056483754250105985,116.90628350725099,0,3
0.006841130645618468,90.7426380389878,0,3
0.0020864086638997287,26.134096317755123,0,2
0.001309014398653688,17.38232745537216,0,2
0.008895617082067792,98.21750066424953,0,3
0.13410545318856373,603.1529557848071,0,3
9.568547763321778e-05,4.277144826231625,0,1
0.0015796011845098945,29.15685764418292,0,2
0.002265108037075864,124.2064303669286,0,3
0.00048780978384858464,5.422213476830026,0,2
0.0002996043848887294,3.3889826341440976,0,1
0.002177252604431946,38.674623356137445,0,3
0.0027556469469477646,47.43060117591845,0,3
0.00245024254748615,27.23548932877823,0,2
0.005335371246708877,56.483357613630595,0,3
0.00026425218418888916,15.348017980478362,0,2
0.0010510741336431635,18.670271035745778,0,2
0.0023759859836560786,25.153575973294014,0,2
0.0008699755423149921,32.48007512303387,0,2
0.15209197026185245,638.8177924659619,0,3
0.0032502405146977863,140.31169587704778,0,3
0.000959343577891251,17.707915394552618,0,2
0.0014547753145430745,16.170447123962468,0,2
0.02265104882723121,178.75965060523916,0,3
0.0021588254198701153,30.654866753611028,0,2
0.10103334733009145,220.57552403474332,0,3
0.00663268968114967,121.78280492508142,0,3
0.002107367511523777,22.309823866552616,0,2
0.00579660839943664,68.68250918846098,0,3
0.0010473398161089098,81.13265074860146,0,3
0.000475071749178117,17.296925258795184,0,2
0.0009491871309559722,21.535395054990286,0,2
0.005120652607387459,72.7121896593369,0,3
0.003466047451709101,39.778060113497624,0,3
0.0013489745216127514,16.897087654980893,0,2
0.00033162586633093765,25.689547154037072,0,2
0.0043280077404839095,48.95636984214569,0,3
0.0009730379069040672,49.22328203715149,0,2
0.0020984468709961297,23.32513057560731,0,2
0.0012287474709103813,45.87463465490954,0,2
0.10016245729662747,391.6471886229159,0,3
0.0021468993138432763,37.9235040824594,0,3
0.006249876796381316,111.01680651583091,0,3
0.0015174728341028527,28.01006978010058,0,2
0.0021554254552332546,38.28690684934384,0,3
0.00139674731219929,71.59304466901098,0,3
0.0009847253716010077,39.146640916625195,0,2
0.00046437339157893434,8.571574271270489,0,2
0.0025287076580260094,29.020689021675423,0,2
0.0016096861243804223,31.014670482768064,0,2
0.001007779611625868,38.80119261557562,0,2
0.001467345518000469,26.941928775019875,0,2
0.0019669114562374814,24.637289106021818,0,2
0.0001969290887751539,7.6381044342910185,0,1
0.0008340553469044926,37.28230866420359,0,2
0.0024129872715452166,42.623765377963956,0,3
0.0035665360005735294,42.258959852139625,0,3
0.0007149065226726632,28.420298429519292,0,2
0.0004749704314436524,14.288392254899371,0,2
0.10658038625813647,295.3221118659122,0,3
0.0015933968729809566,27.425781695665066,0,2
0.00012824922300854884,9.934883844853358,0,2
0.0001097187819553118,1.9381070405002179,0,1
0.001037722251566868,46.386227765599976,0,2
0.0010904639548748446,18.29382221082194,0,2
0.0009332443779793549,37.10007237126382,0,2
0.006881431923973423,75.97865761626731,0,3
0.0010524839175862447,10.938674736686586,0,2
0.006050583987021793,111.6838969885326,0,3
0.005672855451095893,67.21619260714102,0,3
0.022836283856836774,145.74260036948817,0,3
0.004471114415606954,76.9574799462048,0,3
0.0002912742346381257,11.297381392570006,0,2
0.0006926403663336774,36.95740041128346,0,2
0.003279242780606146,41.07538861417555,0,3
0.000499691462826958,5.517149190364909,0,2
0.0006984029225558542,35.79802244457436,0,2
0.08970723864705707,268.5497996492673,0,3
0.0002006744316782274,11.003914346108482,0,2
0.07483235525336061,185.86816685900624,0,3
0.0018215327861031692,97.19202028988417,0,3
0.0009415860937244967,16.20671854705636,0,2
0.002977269738756819,152.60584612322404,0,3
0.002958527364666115,33.95351073485345,0,3
0.00735385907836338,76.43012037859012,0,3
0.0003493600268954075,10.509692334513192,0,2
0.001410789380015052,77.36015678857135,0,3
0.005511318774395975,108.61555063905722,0,3
0.00027553072275170285,21.344111582213603,0,2
0.002737568280380673,30.966073361841595,0,2
0.1437682430556122,424.8939378060517,0,3
0.042735535095694555,207.95146974328298,0,3
0.046382367050444004,336.8662036296164,0,3
0.000666796328726615,9.46836757654132,0,2
0.0004609815444992499,24.59671764793346,0,2
0.0031915113514453344,37.81539007224041,0,3
0.10152577084983623,332.9855635860346,0,3
0.0009509395780451397,19.681909140981386,0,2
0.0006291796759955462,18.92742245472047,0,2
0.00588574990092928,78.15653685979319,0,3
0.0018486656985874821,19.213550379082996,0,2
0.0016339680490290661,61.003329863594715,0,3
0.002186229615399324,28.99875078213209,0,2
0.0036161155067967153,47.96515043176176,0,3
0.08246766079700787,200.94159665911909,0,3
0.0012567829622135796,29.787439112324275,0,2
0.000675107184506903,11.925305440576517,0,2
7.039353254695235e-05,1.6684209825303309,0,1
0.002488085802852682,96.5030576329124,0,3
0.004190315921098946,131.1455175717383,0,3
0.0003475552879789033,8.237525722503026,0,2
0.0012718733704307388,28.856581172315167,0,2
0.0007465968276984292,13.70826319278704,0,2
0.0007826010793020678,13.470245059271493,0,2
0.0008343421429747389,45.75086820908007,0,2
0.12636664364467692,474.12390258414155,0,3
0.0012604941817793659,45.893433337391485,0,2
0.0004974641393418496,5.170243765725113,0,2
0.005032958067485611,71.46694564332374,0,3
0.007867178752124506,94.00623536186978,0,3
0.0018777754659932788,40.95101815875289,0,3
0.0003172464232258956,7.519165042466643,0,2
0.003164742939312966,136.62079677546689,0,3
0.001915521845848964,35.17089363395655,0,2
0.005047613409142379,56.10637252280928,0,3
0.0002220987461403606,3.945148733483723,0,1
0.0002045254672561946,3.5203224703700835,0,1
0.002458837140643961,76.95493025017456,0,3
0.0010055415187740972,17.307528744067948,0,2
0.0011936577121291197,35.908444989190805,0,2
0.17869805508535724,382.8087755979321,0,3
0.0010498866073408533,40.42238204266129,0,2
0.009104404700437564,101.19933527317347,0,3
0.006252280380069168,78.31528908288267,0,3
0.0007634544160289014,29.394265876998652,0,2
0.0014536338863528114,25.677445732104065,0,2
0.0012738470918631276,25.10462721834469,0,2
0.15019193018566107,546.7122828404164,0,3
0.0020194980660178828,33.879467917919484,0,2
0.004571943518347411,108.36118349177254,0,3
0.0006702860592394071,15.207617776101952,0,2
5.14599527991304e-05,2.045732091312735,0,1
0.0008667894798855063,9.634734183331854,0,2
0.006300965197634894,105.7061414701589,0,3
0.002388947455768076,71.86598589012927,0,3
0.0015453366152398279,28.524389665402218,0,2
0.05141560180618487,149.08076092568785,0,3
9.269017198609123e-05,4.945694716600499,0,1
0.0026509010745223906,27.551342237927585,0,2
0.0008371463859126178,32.23152938649381,0,2
0.0005815972806446308,13.195424582901497,0,2
0.0009405920240576287,47.58193504443656,0,2
0.0018781979911928774,33.17707948732885,0,2
0.004697027337756178,83.43348071391829,0,3
0.0007697651232495606,24.09155953825105,0,2
0.002238170346092265,86.1732840229712,0,3
0.001950061211559643,61.0316242741645,0,3
0.0006830500673708992,25.50131172879276,0,2
0.00370608878318363,76.70613820594181,0,3
0.002852082168818715,29.642257373928068,0,2
0.0007961642297819989,14.695891176067216,0,2
0.0015910005274587815,19.011131532350134,0,2
0.0002555983401053435,13.638030150818397,0,2
0.0010543830159969552,22.99426039818463,0,2
0.0016512914285573802,18.95103013597509,0,2
0.0013863220779121656,16.565394488891478,0,2
0.0008707872550956262,19.75663906067512,0,2
0.0015461986477793958,21.955695484233566,0,2
0.00021132538744710904,3.880145110411323,0,1
0.0012611185903025645,24.29863619094183,0,2
0.0009723288872829912,49.83863928158295,0,2
0.00017224692202702564,3.0596288276744192,0,1
0.004733994344412971,93.29625512306733,0,3
0.0014864021074186494,17.76126750833555,0,2
0.04271321805238506,189.343585999367,0,3
0.0010703002314386108,12.681709788665156,0,2
0.0007076070730059391,28.130117082279657,0,2
0.0006430786018034401,10.788403923288158,0,2
0.0008120605081338375,43.32933339728935,0,2
0.0011902295035483615,21.85380206444122,0,2
0.0021924782105429137,169.84131243168505,0,3
0.0002632478206293693,14.435104889944974,0,2
0.004567184634358423,137.39323805466,0,3
0.0018072908041634197,20.7413554638829,0,2
0.0010219514616826074,14.5114957412458,0,2
0.0005819353572849887,8.263359636491423,0,2
0.006731601396100595,74.8246161087947,0,3
0.0007385086655687037,31.881149354104103,0,2
0.0002611777828256492,10.055779399999594,0,2
0.005453530296431196,62.58738779102764,0,3
0.0015109526133415831,117.04662497351461,0,3
0.0003436010948360184,13.229214115719271,0,2
0.023712140994133928,112.5962752740302,0,3
0.0008886511471984939,14.908173737992144,0,2
0.004937422241889495,107.67659475095665,0,3
0.00023267636551083389,12.758729525395918,0,2
0.00040598333269612185,6.8108504418674185,0,2
0.00015727824367330265,4.922382239833559,0,1
0.0011813210150224149,44.10399309645679,0,2
0.0007830822837330708,35.003810622353,0,2
0.0009053507932398009,49.64460344388274,0,2
0.0026600124229065863,52.42279132228134,0,3
0.0016030173675850325,31.5918242423389,0,2
0.0009471578914387131,21.489355161232606,0,2
0.004064905303147013,96.3436988369028,0,3
0.0007515994594022633,43.65361085824767,0,2
0.0008257598066841123,9.867142108415417,0,2
0.0011500362897129976,23.80267925065595,0,2
0.007767730658929592,103.14725188471289,0,3
0.0010270913434506572,39.83683159063179,0,2
0.0009123376916242982,20.699345757984695,0,2
0.004793159207613741,84.66787035877132,0,3
0.007600743201475113,109.25817479769975,0,3
0.0044457713425068825,74.58307096370055,0,3
0.0005899458404730691,12.86569308387154,0,2
0.00396241255122809,45.47458938552841,0,3
0.0012852709067914976,14.538374613257801,0,2
0.0005903861354771296,8.383358908808672,0,2
0.004588922560777341,88.41718825664273,0,3
0.0007819728647051367,60.575880293285756,0,3
0.00045292015000463696,10.275965655888928,0,2
0.0006323327657599007,10.608129817749552,0,2
0.0014023929876962582,29.02578881039797,0,2
0.0024876124758381538,47.930139956098344,0,3
0.0013559266146114094,17.985383465219567,0,2
0.0012706644649552394,15.916185591666496,0,2
0.0033764151300022995,40.006266977251656,0,3
0.0019042665356924027,31.94632274660824,0,2
0.0012751440130897886,16.91386082525666,0,2
0.002957678833303073,88.97496041132186,0,3
0.001887227285272818,21.34741952741389,0,2
0.0007288812124244064,14.364589942743262,0,2
0.002358242971170073,27.064352688876404,0,2
0.0023022128512171125,24.372570485738066,0,2
0.0041804256123164655,86.52364353304738,0,3
0.0008092846696466154,17.64909159933475,0,2
0.0013906013229542365,23.328981443662972,0,2
0.00022306371638723045,11.902071384301033,0,2
0.0002963317561796066,11.493542751731189,0,2
0.0003470356382739367,19.02958143036719,0,2
0.0004724670798861505,23.900795808151635,0,2
0.000906964029424309,40.54132980242006,0,2
0.006882251646136877,76.4991577909847,0,3
0.00047107844604318675,36.492304073772935,0,2
0.0014980286006985712,19.870263283497444,0,2
0.001700253258561246,24.14323854483972,0,2
0.0010689002415712357,11.881281366495578,0,2
0.0020705825487821465,23.015406768431088,0,2
0.0008565900153389117,38.28960927960711,0,2
0.005586183735017963,58.058318873763966,0,3
0.0013026606252444588,22.421586572248827,0,2
0.0008291182468287448,32.960656059116694,0,2
0.0019208161181135724,21.727360465997823,0,2
0.0008624323174468849,37.23088814287225,0,2
0.0005109962908660736,15.992797274649053,0,2
0.0012666059957115116,47.28806258452223,0,3
0.0010891222531363206,43.296820603408214,0,2
0.0016183455450774536,31.893907737557342,0,2
0.004651272666844697,61.76398415668328,0,3
0.0007099113696409782,8.892261824004017,0,2
0.0008386818941871358,36.20559104553331,0,2
0.0005464735900539349,12.952155845233781,0,2
0.003959643621681654,144.16698087011284,0,3
0.0023629991797774943,31.378131181683706,0,2
0.0023286255317124358,24.652190555076665,0,2
0.0008809616069073065,35.02163007221348,0,2
0.00035960395832351994,13.425622920166306,0,2
0.0020031658915356455,155.1761483424518,0,3
0.0003686438353415341,28.557160802410927,0,2
0.06401435392304253,262.6926302055806,0,3
0.0017378575612099541,29.15461543720294,0,2
4.132390660928541e-05,2.0904615282437384,0,1
0.007857632500547468,81.66593777606371,0,3
0.07826419019870968,577.6313013371359,0,3
0.005155808655017782,73.21139813899062,0,3
0.0003966483673798689,20.06533796739318,0,2
0.001119979684281727,20.672995525203532,0,2
0.00032338546430556284,4.648559311841417,0,1
0.0003012798557201857,10.969322329496855,0,2
0.0006268489662203433,34.37305029120806,0,2
0.00031113241085989145,3.458369239610763,0,1
0.0009196414315820982,28.782281287664453,0,2
0.0014958201460130278,29.4792109596321,0,2
0.00047422131421634764,9.34582289227701,0,2
0.04361725779452099,287.42158550776537,0,3
0.001104100979750109,47.66363602561036,0,2
0.007322023987344786,91.71476491499962,0,3
0.0007087399861375015,10.187903371936331,0,2
0.00038524513323247815,4.357710141319469,0,1
0.006095956918966077,112.52140719716742,0,3
0.004272958041106791,61.42236149589656,0,3
0.0008134014748004085,41.14771882929623,0,2
0.001240814146242002,21.918130970168562,0,2
0.002923593983993221,53.96476935862033,0,3
0.000295370759327341,3.922211447521344,0,1
0.0010533242407557895,11.914703989963774,0,2
0.0017714923107965334,32.69885438816321,0,2
0.0027588591523681765,139.56301311001658,0,3
0.0020209071388505545,28.696456180607825,0,2
0.001381477575464861,32.742868419955315,0,2
0.008375105572816923,93.09286490427971,0,3
0.005387851167428684,103.8105665676385,0,3
0.000383904920420939,7.565892308440048,0,2
0.0009739650714318927,17.88297116253352,0,2
0.0038779154860580874,84.57059449526442,0,3
0.0005767708434216271,44.67981325789403,0,2
0.0010558064573252782,19.488462580251625,0,2
0.0007276307316320754,10.332203298475044,0,2
0.00043410432252727137,10.288853735654309,0,2
0.0023746897533514504,46.79973082948064,0,3
0.004031012438231836,87.9093728433991,0,3
0.00016929249671042881,8.564036666222655,0,1
0.0004206357260250503,9.173333855206355,0,2
0.0028339964885486144,103.18320449683213,0,3
0.0029819209412623292,33.73007471196331,0,3
0.0020194499004614814,24.13074478484687,0,2
0.0010967033576192626,42.536807695778116,0,2
0.0003887481146411422,22.578859931482768,0,2
0.0009127676136618469,34.07769439439591,0,2
0.001176732257710133,50.79910176674669,0,3
0.0016056609797710964,18.42735273105911,0,2
0.000971463494401884,10.096613360323751,0,2
0.005022964613055937,98.9912014928519,0,3
0.0007227681160395067,7.651645608573539,0,2
0.0005584153131384909,29.79551774132285,0,2
0.0029452798070390396,60.95942465248606,0,3
0.0026158715546445426,48.284715966393115,0,3
0.00018402286870609436,6.870396130936315,0,1
0.00033579551940569137,19.5033228785676,0,2
0.000840835560732192,9.962842432410337,0,2
0.00038680165084026345,7.139726647890383,0,2
0.000419639701362875,8.0854191771494,0,2
0.0013929148809500094,31.602801240069297,0,2
0.002868784079585761,30.370624571530254,0,2
0.0005214702608485369,8.748280213708643,0,2
0.0013969258909076216,28.912634510436984,0,2
0.0007938762982281932,16.431118792033544,0,2
0.000157248639986651,7.954771444258381,0,1
0.028196308907388654,110.6563142680767,0,3
0.0009570542785929154,42.780366021661145,0,2
0.0008026527782761372,29.96661545995685,0,2
0.0019797636966101657,26.289169083341932,0,2
0.000807487321127022,10.710733868096888,0,2
0.0013301224289020868,22.31437648551546,0,2
0.0023256635532860124,29.130973407034453,0,2
0.001530636452245714,34.72746269903779,0,2
0.0011636508061547695,22.932909206641774,0,2
0.0014819126186400467,33.62200417450547,0,2
0.000989894694394109,20.488175993532536,0,2
0.0002630167243298549,6.233848561806895,0,1
0.0010580434676216834,31.828802568115254,0,2
0.0013081623051218265,39.35305212967023,0,2
0.0005791131248642765,7.253899222116396,0,2
0.0013112536900687184,21.99783108113326,0,2
0.007814270947860663,93.37403115540461,0,3
0.0016008998331491593,85.41964781121024,0,3
0.00043877891558721517,23.412045938387287,0,2
0.0017138302544207281,93.977300275375,0,3
0.000380497989617281,6.383303677775042,0,2
0.0014004963879666644,15.841750579729602,0,2
0.001590476452546425,27.37551498894863,0,2
0.0012487913771576018,66.63210115816143,0,3
0.00683628400969475,72.37289714490274,0,3
0.004709491410340262,66.87378716799726,0,3
0.0017528690205566924,33.77345076695837,0,2
0.002171297234051477,22.56672411149702,0,2
0.0005190156219475341,6.884365927016653,0,2
0.001775872653503368,19.73958078288306,0,2
0.00602422235788087,79.99530470891543,0,3
0.0038865553750509958,150.7441893370504,0,3
0.0007590236461169082,13.482566778066804,0,2
0.0005587190689749918,28.638250393029928,0,2
0.004237905689795181,50.63944423643724,0,3
0.005735009610207066,60.71416284869618,0,3
0.004196794667165196,82.70927201868577,0,3
0.00031097577223923297,24.08987831103205,0,2
0.0007760613306915102,42.55505964979833,0,2
0.0027543139266891807,50.840136013688756,0,3
0.006291816427435279,111.14062240058331,0,3
0.0019232856432332254,57.857622010714394,0,3
0.0014314504631024645,29.627200933749627,0,2
0.0029852298532403792,31.02608774653063,0,3
0.0011769048424658001,27.89422071270248,0,2
0.07265994022552692,187.7891387124535,0,3
0.00775634111909401,86.21503450594321,0,3
0.0021335467638962397,42.04735128937744,0,3
0.001302541913316375,21.851680725282172,0,2
0.0025419973972723464,128.59257993530358,0,3
0.00028984993035009173,11.159704807860601,0,2
0.0013766564591274608,26.5247651707544,0,2
0.0007430724289225208,17.611811584071244,0,2
0.001363106820595366,24.21291988508703,0,2
0.001666530165297484,18.524192463972057,0,2
0.0009195286577677064,47.13225913879985,0,2
0.0017238120818248819,17.9159219016834,0,2
0.0021262289782034093,25.406665852640117,0,2
0.00038494788844974076,14.821134496460294,0,2
0.0012434064249067503,29.47039726616564,0,2
0.0010335216867576292,18.358486233699914,0,2
0.002000112201255456,22.083461961440154,0,2
0.00018043790227618314,7.173104270351696,0,1
0.0006176875685224307,10.972008491686262,0,2
0.0003757624576691322,21.82464063408514,0,2
0.0015096104791458968,31.244904486889002,0,2
0.0018286833467739648,25.96691877626495,0,2
0.0020534245976733018,22.82468883529909,0,2
0.06926935678671736,231.06584063794202,0,3
0.0006176001333584014,8.192017994871302,0,2
0.0021166287624173785,23.36993431268226,0,2
0.00021205959050310159,6.379324711460714,0,1
0.13859293454321542,553.2989668128052,0,3
0.000864563390693312,8.985579315767614,0,2
0.004932868699378319,116.9155935826978,0,3
0.0017159036462796853,30.310261182348565,0,2
0.0006751576671923478,36.02457127824264,0,2
0.006873278581238835,81.43969486651336,0,3
0.002192908573942259,40.26399091728024,0,3
0.0022258931130120273,31.60721388544214,0,2
0.0013026430724943918,29.55469186941,0,2
0.0012336675473082796,26.904144316829793,0,2
0.006938326750384697,92.03187389932766,0,3
0.0011522455383498609,45.80621525393358,0,2
0.00033963397658072454,6.5439067336545484,0,2
0.0009012284716412714,33.64688665158703,0,2
0.009006564291783392,95.34875236222061,0,3
0.0010066527763309527,43.45683267672505,0,2
0.0038222556336090312,54.943663148269515,0,3
0.00101013338930872,45.153004476258424,0,2
0.0005292067588761966,27.125538597034524,0,2
0.006191330723062467,88.99833561531788,0,3
0.0009187638786628444,49.022734159863866,0,2
0.0013952714755995068,74.44787961048709,0,3
0.0010538521253322627,38.36978620014782,0,2
0.007278737775557172,91.17256719138882,0,3
0.0014271905629965748,33.826327436892534,0,2
0.0010504424732090834,39.21771220311302,0,2
0.0012080795986660058,46.51307553956451,0,2
0.00539988796269228,95.38531773592678,0,3
0.0004627686803285415,6.652147036940277,0,2
0.0034591379599422088,49.119031241889914,0,3
0.0072278081888838405,102.63335557917569,0,3
0.0006257687087921768,18.82481135696813,0,2
0.002946725795277442,157.22924971118744,0,3
0.006889483445909965,82.3235905454698,0,3
0.00044870659535081324,9.287027950617693,0,2
0.0006434377206666434,32.980672362905466,0,2
0.0037259217751122254,135.65738349150024,0,3
0.0013149132207328992,14.518103571601083,0,2
0.0003724645162536403,6.579330251603654,0,2
0.0005970602983597347,10.01639247084228,0,2
0.009257776317199354,98.008229652984,0,3
0.0017994920283461093,104.51620709042687,0,3
0.002288959162144366,90.99497685085652,0,3
0.001330928932629429,27.546673763401103,0,2
0.005688843519933057,105.00675885615077,0,3
0.0009918950338360104,20.52957767672629,0,2
0.0009089155944948288,48.49725658296776,0,2
0.0014340487619113242,33.98887593471231,0,2
0.0002479298334749295,2.9625550674794874,0,1
0.0044076005057057995,73.94271004305237,0,3
0.0029553464238056926,117.48644705767781,0,3
0.003949715725172986,152.0706301866518,0,3
0.006288953286783277,121.17257576919246,0,3
0.0005371952139704476,9.91574616078329,0,2
0.0008980943978764719,33.529877671023115,0,2
0.0009834980995998323,76.18712341444004,0,3
0.0005745683112012508,20.919503532074028,0,2
0.0005289256571667706,22.83352743107756,0,2
0.0024316992926352926,25.743389616881196,0,2
0.0008763509540875467,27.427406814271112,0,2
0.0003194577193321617,5.674539990551746,0,1
0.00023540532636447117,9.063496924951913,0,2
0.0024932677292881233,126.1274815318961,0,3
0.00040394589810198184,15.552589492498488,0,2
0.0006448419010325081,14.062880720799388,0,2
0.0006498219616543529,11.184831327075234,0,2
0.11792584493734729,264.7698930627375,0,3
0.0021495192829760245,24.668937296626137,0,2
0.003203691411404879,37.95970844299127,0,3
0.0014955044819338088,25.088855973349872,0,2
0.003762866772099346,137.00251683752256,0,3
0.0006508298331879861,50.416826268467325,0,2
0.000207643878769143,4.921437974452402,0,1
0.0012843737394925012,22.1068300009067,0,2
0.0013051490710698898,69.6391939604449,0,3
0.002379540634531505,29.805831048757167,0,2
0.0015754095200715159,34.35694258034987,0,2
0.0008722021206347682,10.422089089226828,0,2
0.001990836714260583,102.04427140678727,0,3
0.0012312382184281347,25.483342270623247,0,2
0.0003568815175222166,19.569476876957633,0,2
0.00022757168427248886,9.04685434531116,0,2
0.0013728375846392285,32.538089067921234,0,2
0.00016179648537800048,4.867274877550395,0,1
0.0023633044840977156,31.347520532113496,0,2
0.0024089311309633266,26.597277375222212,0,2
0.007719657778457157,85.80728355349814,0,3
0.00033209218506921183,6.873421155105124,0,2
0.0025317119948717343,46.7312679646089,0,3
0.0009408066922038087,10.387551652007337,0,2
0.0003161998843734167,15.99567291077992,0,2
0.004021364000537031,155.97288544543088,0,3
0.0025555481315554266,28.90714781019394,0,2
0.000280467703210284,8.77787803885273,0,2
0.005824913037103063,64.74638889355845,0,3
0.0008000591271487177,30.803608187968894,0,2
0.005479229216563795,94.30930040226364,0,3
0.0005924893450138619,13.442546463830848,0,2
0.01740931646107585,78.9969486208869,0,3
0.00036886535039069266,19.681648825055454,0,2
0.000349640090124768,20.3074287026334,0,2
0.0061334452729743215,81.3557046588362,0,3
0.03498431958034364,114.23442063090096,0,3
0.002539642036792979,28.040471069567282,0,2
0.0024474190348825445,27.20410478382203,0,2
0.0009654506737462146,18.601846695504413,0,2
0.004300122135336961,61.812836384594966,0,3
0.004071138051504356,54.06040972510055,0,3
0.0033330001664434424,168.6072105296648,0,3
0.002500274779424305,44.165639344784715,0,3
0.0007884167950462082,42.067769367438885,0,2
0.0013182266213110675,14.652650250671519,0,2
0.0004541799683342917,10.304548729280691,0,2
0.0023906850716892136,27.436674142243167,0,2
0.0002533555741654353,12.986240803863387,0,2
0.0026082268044227935,43.756088619258534,0,3
0.006667881144685249,111.86159032442656,0,3
0.00037198518135134916,8.439692842164218,0,2
0.0011168398303221742,12.41415031009945,0,2
0.0009700582724781676,75.14600115095662,0,3
0.0006347193961435472,28.37198338216561,0,2
0.00042164370325030405,5.598982659725157,0,2
0.0020751848697519006,27.52582274108243,0,2
0.0052617493530457814,65.90802021276157,0,3
0.0024117681846760664,26.807830402187204,0,2
0.0006661762001924625,26.483079697374446,0,2
0.0846520865633576,416.1960368015285,0,3
0.0030310665631642832,153.3332291099782,0,3
0.0018810577665454105,31.55696820205036,0,2
0.005408835151352653,104.21487603950409,0,3
0.0011204570270092193,56.68080540301151,0,3
0.0019568601455377597,22.135073400675168,0,2
0.0010168850567063815,31.82574287567083,0,2
0.0004520885346336273,10.257097758332776,0,2
0.0013494241504612282,14.899142597027312,0,2
0.0011848810760023947,20.39434762098644,0,2
0.0015865416192610122,61.535706343011896,0,3
0.001649825234758921,31.78805186625968,0,2
0.0011129084507837009,48.04385133322311,0,2
0.0008843065533510476,9.829443914387518,0,2
0.0019416486014892658,20.179940186965432,0,2
0.0015514250572588207,26.70335662072911,0,2
0.0012409731416294007,45.182690227467496,0,2
0.0007833958885618878,29.247669703285986,0,2
0.00022238874698122938,4.10493300523307,0,1
0.0008364194307191148,8.693073540794723,0,2
0.001783214682925836,30.692953801857424,0,2
0.007709269424545491,92.11935038290336,0,3
0.0011502936689878013,44.615364994981526,0,2
0.005667064405552828,109.19031510599417,0,3
0.0012580197194011944,14.230122112681602,0,2
0.005550404675530397,101.91097161931663,0,3
0.00035022300325160725,6.186449177165784,0,2
0.001527523418564107,34.65683341218118,0,2
0.004468036014807257,52.940599656723165,0,3
0.004299248520623493,45.514357001875446,0,3
0.0009920916889161351,39.43948051142956,0,2
0.0003629274746261975,7.152474591326316,0,2
0.0009123757146496832,17.579223500626025,0,2
0.0011626513598543857,34.97569024412506,0,2
0.000788399550400014,10.457548428470558,0,2
0.0017520068332685863,19.344102913018766,0,2
0.0015368217328051818,25.78200171035645,0,2
0.0006187560539496468,7.101147878821753,0,2
0.0013824313766242849,75.80515529820205,0,3
0.00363163128809763,66.68037643539438,0,3
0.0007808464531096676,13.099622526063834,0,2
0.00011116734044999281,8.611628115971723,0,1
0.002146787089542434,25.652318165117446,0,2
0.0007391675917619803,29.38476973013055,0,2
0.00022898011210994336,11.583467159206515,0,2
0.002689629572163587,147.48492464802453,0,3
0.00012573721441911357,4.694332163897946,0,1
0.004862815732259504,60.91102712583082,0,3
0.002489570453398863,26.356047540346406,0,2
0.0010380073128574217,46.398970017132896,0,2
0.004855134937970819,64.47105961448929,0,3
0.001628700143238734,35.519118419013125,0,2
0.000889524534165963,10.629077507153571,0,2
0.0007310232729024542,7.5976703050883065,0,2
0.0005539870583109907,11.46605231151595,0,2
0.0062070183575776705,110.25551038740325,0,3
0.0003679892032548317,4.609387148431592,0,1
0.003996357571297478,47.7531453491036,0,3
0.0015998971586706071,16.9374461831436,0,2
0.00012665295691442,5.034944735197202,0,1
0.0010974386986504427,85.01358325743938,0,3
0.003055540936879702,136.5828068456751,0,3
0.0012484347428661437,13.876883801520485,0,2
0.003293684664426996,43.68833907741343,0,3
0.0025434543971712058,52.64271201358808,0,3
0.0005965318836575709,12.34661655158228,0,2
9.438106335166203e-05,4.837687980802209,0,1
0.00036572768271999023,6.496435163892655,0,2
0.0011361059960479907,34.17713406987661,0,2
0.0012289331655424569,14.561310272844633,0,2
0.002652571346467162,114.51053618174413,0,3
0.004248106304897145,83.72050762573126,0,3
0.0012449239660948846,25.766600690319166,0,2
9.075311786705283e-05,2.0590294389797568,0,1
0.0002764777466103047,4.638241107490887,0,1
0.000559754109713583,24.164380467506017,0,2
0.00017163537078631661,6.657060644712383,0,1
0.002500097305406105,111.75445343840885,0,3
0.004283205795388661,51.180742778457564,0,3
0.008537123778741773,106.9349542928075,0,3
0.0005919809645776251,25.55560202120623,0,2
0.002116611729080085,122.9348206726325,0,3
0.002346106633959758,26.538044973182842,0,2
0.0015986577436972746,26.81937390815296,0,2
0.0007954224405247268,42.44157149863662,0,2
0.006592515534111463,121.68706812206648,0,3
0.0019715311311659734,28.340109281186315,0,2
0.003005428625592848,154.04918553434996,0,3
0.0014677181033175275,25.262580198902636,0,2
0.0005468377517223507,17.114537740769066,0,2
0.0010737329014222868,12.830214111968532,0,2
0.0016670403249910586,19.75232835287977,0,2
0.00040003930414717916,15.402179122252363,0,2
0.0005029577605829379,5.689219525130196,0,2
0.0016100321013930662,31.730068681888582,0,2
0.003274357640266858,56.35872603884865,0,3
0.00022110460008015255,12.124195695811428,0,2
0.002311710315472985,24.02606520049747,0,2
0.001473026791557311,15.594322343232125,0,2
0.0018694616691706017,20.779862546054186,0,2
0.0011885885788579674,14.083277731275773,0,2
0.07965214593916485,449.9462375582759,0,3
0.0036668244828779845,142.22169267443874,0,3
0.00134871704712525,17.909536657416087,0,2
0.0001533956680084445,6.622034960529288,0,1
0.0009338363658988385,41.74252435946001,0,2
0.0005119937609308693,12.134937724455247,0,2
0.0005970788375285896,22.291621492826565,0,2
0.0014050785927698188,31.87877457644484,0,2
0.0021350423586931435,36.74866358371208,0,3
0.0021497460472427324,25.471783233960817,0,2
0.000811018345390066,8.585914103379286,0,2
0.00040543520221055066,5.757094569386501,0,2
0.001615672703170445,38.29360654791823,0,2
0.00491524579094979,111.51832599528979,0,3
0.000357563186632968,8.47472632178168,0,2
0.0031280118409421145,39.18108860872161,0,3
0.0018929869605623087,31.757094536798014,0,2
0.0012414194162503956,38.85305903738779,0,2
0.0005986090808199105,6.771181871363701,0,2
0.00033558360289724914,4.456195501144213,0,1
0.0026866420790674812,46.242879225088764,0,3
0.0010431692586827107,32.648367073237736,0,2
0.0020530125746013894,44.77263482520675,0,3
0.0504276340202226,403.25452643017354,0,3
0.008247922883137412,109.52369701112899,0,3
0.04741678578183137,187.53848087933855,0,3
0.0008214234875653921,17.001272027992794,0,2
0.0010039545041220803,38.93944463693063,0,2
0.0039043446783969095,122.19539368108997,0,3
0.00043933192458697436,34.03304548532448,0,2
0.00081812453296771,16.123372694831698,0,2
0.0021388851211834063,79.85414076206641,0,3
0.004693198717252047,111.2350940738057,0,3
0.04824995639996607,356.6506463395989,0,3
0.00799987588094983,83.14430152649197,0,3
0.0008625920180642306,26.996789452718815,0,2
0.0005080443411473966,27.858439001213426,0,2
0.0013148402210797537,28.674379202634857,0,2
0.0041228771335529955,58.54398785900011,0,3
0.021398019007516728,154.44134172636143,0,3
0.0011837777695533837,28.057118287940337,0,2
0.0007669763371142617,30.4902748791222,0,2
0.0009772045401850277,14.04699272617455,0,2
0.06325713223601956,171.4966198088014,0,3
0.0013854314591144232,31.433015493574626,0,2
0.0017364891371054248,23.0332694096279,0,2
0.0005233450732778324,9.007892493454902,0,2
0.0003532878642493214,4.4252399982506425,0,1
0.00417214430470437,69.99265386714688,0,3
0.0002771151411693605,16.0951107457638,0,2
0.00044794553974964406,17.807567165932895,0,2
0.09247729506534741,447.93628249121764,0,3
0.0030989338531068754,169.92898596330636,0,3
0.002187361754266489,26.137151623458333,0,2
0.1109417095297445,381.1869945041036,0,3
0.0005921415986831973,14.034548801953445,0,2
0.008860226708652795,92.08609883705337,0,3
0.0064708488571533045,111.37720372823358,0,3
0.0035397878345569092,50.264242492996,0,3
0.004414116969492721,50.65857078035986,0,3
0.0024975303852526726,44.363730131055206,0,3
0.0026961872733855317,138.1984086982569,0,3
0.00030851049651023024,3.6864435473410513,0,1
0.0006631922332955085,14.463069563038724,0,2
0.0021382617142306167,26.783601199116163,0,2
0.0012130689039251928,26.454923718039904,0,2
0.0042107578890888476,72.47618505953373,0,3
0.0025070375380323523,99.66443548244223,0,3
0.0007821252298490972,33.7640605032445,0,2
0.00639994462365172,71.13810985000995,0,3
0.005001297020848729,88.34448209320846,0,3
0.00034826310843077886,3.6195677694044512,0,1
0.0019910932979842737,22.131849896039345,0,2
0.00029843826581127885,12.883470931220996,0,2
0.0019624922291914607,20.396572156306867,0,2
0.0007535416554231175,10.831912580547217,0,2
0.00540248635104352,99.19504349335192,0,3
0.00038245169965010593,20.40657935771486,0,2
0.0013275233984968806,31.464082177931008,0,2
0.0015666227192580168,28.917296375490665,0,2
0.003175487737746679,126.23791545312562,0,3
0.0009446937901952327,50.40628350193322,0,2
0.002349043530419124,136.43468057780763,0,3
0.001402741609629675,27.64484483134307,0,2
0.0021355633917535736,22.195335179602214,0,2
0.006072226381925218,125.67886613596093,0,3
0.0007187815508108068,27.674286202850972,0,2
0.000523643291467484,7.527199479610592,0,2
0.0004063803600949701,12.718602525240431,0,2
0.0013386810672893848,25.79307329214964,0,2
0.006523943840832924,112.29108240857008,0,3
0.001026910316708371,14.581910439287665,0,2
0.0014015050060616585,24.122910615306687,0,2
0.00014092071888479045,3.1972445196983608,0,1
0.001672457673943379,29.707931218994965,0,2
0.0021909808521693983,23.195003548073405,0,2
0.0009489032677772873,21.528954696187288,0,2
0.001033856258013346,18.364429236029682,0,2
0.001016691898857011,31.81969755913487,0,2
0.000827816878759032,44.1700503501667,0,2
0.004090973845997067,92.81703792638793,0,3
0.0012633475324505968,45.99732120987137,0,2
0.001334484902123774,24.502475213439535,0,2
0.0008301631096684806,35.837838229328334,0,2
0.0004722527640019092,9.099142769670872,0,2
0.0005818371697465763,9.761006488484377,0,2
0.00258871728399878,27.40567382314493,0,2
0.004335265717748836,54.30300103285753,0,3
0.0003879631489841893,17.341968880658985,0,2
0.0011084601315246218,15.739900651911821,0,2
0.00294735488354956,161.6172046181144,0,3
0.005054532218026416,59.889841021813886,0,3
0.0009312485900116632,41.626850669773205,0,2
0.0007271478666388759,7.557392436817387,0,2
0.002200533417509919,29.22075760128143,0,2
0.0005993773914682251,30.320835578547882,0,2
0.0005189488117399248,23.19703344869875,0,2
0.0032809946795814594,127.25687285137238,0,3
0.001600130009238878,37.92522388913951,0,2
0.001415074924150519,18.769942907387648,0,2
0.0012262525514666108,14.529548372055734,0,2
0.00036231932998334013,11.339611845888928,0,2
0.00033564674613996843,6.614833517082497,0,2
0.0014737373292787973,29.044008896853086,0,2
0.0009740912334808569,11.541754330075223,0,2
0.004014763179878747,83.09487369467772,0,3
0.002510271805667294,91.39668666260495,0,3
0.0008799432575118842,12.648893890091198,0,2
0.0010342509728053935,39.820384085688985,0,2
0.005024620192435901,99.02382919474003,0,3
0.00038732566296159686,8.016606609277822,0,2
0.11880796499381924,667.2900577113143,0,3
0.0025215966874604814,29.87774500567077,0,2
0.0016930262797675269,35.041121624339894,0,2
0.0008912221464073748,11.163338140665502,0,2
0.000958050657372694,49.106780381383786,0,2
0.00025195593767422374,12.914499668612585,0,2
0.0021239832927552812,26.60475146149838,0,2
0.0030877192055972945,51.80014060219014,0,3
0.001301375031836082,25.07427825560299,0,2
0.0004634708404748009,13.942453527651796,0,2
0.006196383832234744,119.3889913261711,0,3
0.0012367574111398732,29.312806736461916,0,2
0.0033826586212090306,73.76990334076973,0,3
0.0006453971329190462,13.357996683738387,0,2
0.0005546784448168108,6.165487118902029,0,2
0.0013510232182456108,104.65762232396068,0,3
0.0044719840141707965,75.022819524803,0,3
0.0014368445128972276,27.684440107622574,0,2
0.0016195992772386134,19.35286277903524,0,2
